100 0.00
2103 0.21
4107 0.38
6111 0.54
8115 0.67
10119 0.95
12122 1.12
14126 1.26
16130 1.62
18134 1.69
20138 1.98
22141 2.21
24145 2.44
26149 2.61
28153 2.99
30157 3.10
32160 3.47
34164 3.69
36168 3.83
38172 4.03
40176 4.58
42179 4.78
44183 5.04
46187 5.43
48191 5.61
50195 6.02
52198 6.09
54202 6.19
56206 6.28
58210 6.54
60214 6.90
62218 7.11
64221 7.28
66225 7.96
68229 7.68
70233 7.96
72237 8.16
74240 9.01
76244 9.17
78248 9.37
80252 9.63
82256 9.91
84259 9.79
86263 10.10
88267 10.52
90271 11.14
92275 11.22
94278 11.47
96282 12.08
98286 12.43
100290 12.64
102294 12.89
104297 12.56
106301 13.02
108305 13.13
110309 13.37
112313 13.42
114317 13.91
116320 14.62
118324 14.68
120328 14.82
122332 14.99
124336 15.39
126339 15.56
128343 15.55
130347 16.08
132351 15.97
134355 16.37
136358 16.19
138362 16.97
140366 16.79
142370 17.17
144374 17.28
146377 18.13
148381 18.87
150385 18.63
152389 18.63
154393 19.05
156396 19.07
158400 20.38
160404 19.55
162408 20.53
164412 20.38
166416 20.51
168419 20.48
170423 20.67
172427 21.73
174431 22.01
176435 21.84
178438 23.07
180442 23.96
182446 22.71
184450 23.26
186454 23.20
188457 24.97
190461 24.74
192465 24.96
194469 25.39
196473 26.98
198476 26.01
200480 26.19
202484 26.19
204488 27.14
206492 26.02
208495 26.72
210499 26.29
212503 27.58
214507 27.27
216511 28.05
218515 28.20
220518 28.69
222522 28.04
224526 28.22
226530 29.11
228534 29.83
230537 29.54
232541 29.26
234545 29.84
236549 32.72
238553 30.88
240556 30.71
242560 32.82
244564 31.76
246568 32.09
248572 32.07
250575 31.50
252579 31.96
254583 31.80
256587 32.54
258591 33.10
260594 34.17
262598 37.61
264602 33.94
266606 33.95
268610 35.69
270614 35.38
272617 35.16
274621 35.47
276625 36.23
278629 37.66
280633 35.85
282636 38.94
284640 37.73
286644 38.65
288648 37.31
290652 37.90
292655 38.28
294659 42.17
296663 39.72
298667 39.47
300671 39.05
302674 39.64
304678 38.80
306682 40.99
308686 40.43
310690 41.00
312693 41.31
314697 40.77
316701 40.68
318705 42.32
320709 41.41
322713 41.67
324716 42.85
326720 44.46
328724 44.39
330728 44.28
332732 44.60
334735 46.04
336739 44.90
338743 46.17
340747 46.38
342751 46.93
344754 46.51
346758 45.37
348762 45.12
350766 49.60
352770 48.37
354773 46.44
356777 48.08
358781 48.37
360785 49.20
362789 47.34
364792 48.18
366796 47.72
368800 49.29
370804 48.31
372808 49.57
374812 50.60
376815 51.23
378819 50.04
380823 50.68
382827 50.78
384831 52.22
386834 51.19
388838 53.02
390842 52.37
392846 52.95
394850 55.76
396853 55.21
398857 54.19
400861 54.40
402865 54.33
404869 54.98
406872 54.69
408876 55.89
410880 56.75
412884 54.25
414888 54.26
416891 53.94
418895 54.76
420899 55.45
422903 56.24
424907 58.07
426911 57.17
428914 57.59
430918 55.82
432922 56.33
434926 56.57
436930 57.83
438933 58.07
440937 58.55
442941 57.19
444945 58.03
446949 59.54
448952 60.94
450956 58.80
452960 60.55
454964 59.93
456968 62.15
458971 67.79
460975 59.44
462979 61.74
464983 62.39
466987 65.23
468990 63.06
470994 63.48
472998 63.50
475002 65.57
477006 63.67
479010 64.19
481013 64.59
483017 65.36
485021 63.82
487025 67.56
489029 66.06
491032 67.02
493036 66.59
495040 68.55
497044 66.04
499048 67.42
501051 65.39
503055 66.51
505059 67.04
507063 73.96
509067 69.68
511070 68.90
513074 73.20
515078 77.54
517082 73.62
519086 71.22
521089 74.40
523093 73.82
525097 75.62
527101 72.71
529105 72.15
531109 73.92
533112 72.34
535116 71.57
537120 73.80
539124 74.28
541128 73.30
543131 74.94
545135 71.06
547139 75.75
549143 73.17
551147 74.02
553150 74.39
555154 76.59
557158 82.80
559162 73.66
561166 81.20
563169 77.87
565173 77.24
567177 76.43
569181 78.78
571185 78.38
573188 80.94
575192 80.30
577196 78.17
579200 80.24
581204 79.36
583208 77.69
585211 80.87
587215 80.89
589219 81.75
591223 80.90
593227 80.18
595230 78.81
597234 81.12
599238 79.93
601242 80.73
603246 81.67
605249 83.00
607253 81.41
609257 83.66
611261 84.39
613265 86.04
615268 84.70
617272 84.47
619276 87.57
621280 87.23
623284 89.61
625287 84.79
627291 84.52
629295 84.65
631299 89.88
633303 85.62
635307 85.73
637310 86.94
639314 89.25
641318 87.04
643322 86.20
645326 88.48
647329 88.49
649333 90.08
651337 89.01
653341 93.02
655345 96.81
657348 95.26
659352 93.61
661356 92.73
663360 95.17
665364 91.13
667367 95.91
669371 92.97
671375 93.57
673379 93.36
675383 93.31
677386 96.45
679390 96.64
681394 97.41
683398 96.71
685402 94.94
687406 96.58
689409 98.27
691413 94.88
693417 93.96
695421 96.05
697425 95.77
699428 96.52
701432 97.64
703436 99.18
705440 97.77
707444 100.68
709447 100.45
711451 101.38
713455 97.04
715459 100.41
717463 99.46
719466 101.42
721470 104.03
723474 98.68
725478 99.52
727482 99.72
729485 98.81
731489 99.25
733493 97.99
735497 102.69
737501 101.62
739505 100.76
741508 100.52
743512 101.85
745516 108.28
747520 116.07
749524 105.11
751527 106.11
753531 108.60
755535 104.14
757539 105.11
759543 107.29
761546 106.82
763550 103.69
765554 104.63
767558 105.25
769562 106.59
771565 109.50
773569 110.11
775573 108.60
777577 107.86
779581 106.99
781584 110.17
783588 111.81
785592 114.38
787596 117.00
789600 115.66
791604 110.91
793607 117.38
795611 108.87
797615 112.46
799619 114.03
801623 113.36
803626 110.54
805630 112.51
807634 113.97
809638 112.27
811642 110.34
813645 115.28
815649 114.15
817653 116.66
819657 117.56
821661 114.19
823664 111.06
825668 113.55
827672 112.47
829676 112.73
831680 117.43
833683 115.30
835687 119.48
837691 115.90
839695 123.76
841699 118.69
843703 120.27
845706 117.63
847710 119.17
849714 119.33
851718 123.50
853722 120.94
855725 119.07
857729 121.19
859733 118.65
861737 115.84
863741 120.44
865744 118.12
867748 123.71
869752 117.32
871756 121.83
873760 118.45
875763 122.50
877767 119.86
879771 123.17
881775 120.55
883779 124.43
885782 121.88
887786 122.52
889790 121.83
891794 123.58
893798 124.65
895802 123.35
897805 123.83
899809 127.04
901813 125.87
903817 125.41
905821 123.95
907824 128.50
909828 128.21
911832 129.25
913836 127.93
915840 134.46
917843 144.13
919847 129.76
921851 129.77
923855 128.13
925859 127.65
927862 132.91
929866 131.81
931870 131.86
933874 138.60
935878 137.76
937881 135.37
939885 134.04
941889 135.50
943893 134.94
945897 134.93
947901 133.24
949904 136.96
951908 133.16
953912 133.43
955916 136.09
957920 136.87
959923 133.72
961927 136.00
963931 135.08
965935 136.24
967939 138.22
969942 135.57
971946 135.51
973950 137.63
975954 134.91
977958 141.11
979961 143.33
981965 145.90
983969 144.35
985973 138.75
987977 138.38
989980 137.73
991984 138.14
993988 136.46
995992 136.22
997996 139.48
1000000 140.52
