100 0.01
2103 0.12
4107 0.25
6111 0.39
8115 0.53
10119 0.95
12122 0.82
14126 0.97
16130 1.09
18134 1.26
20138 1.38
22141 1.56
24145 1.90
26149 1.86
28153 2.10
30157 2.22
32160 2.37
34164 2.53
36168 2.67
38172 2.85
40176 3.00
42179 3.14
44183 3.33
46187 3.46
48191 3.65
50195 3.78
52198 3.92
54202 4.11
56206 4.27
58210 4.38
60214 4.78
62218 5.23
64221 4.95
66225 5.21
68229 5.22
70233 5.51
72237 5.98
74240 5.65
76244 5.89
78248 6.66
80252 6.13
82256 6.48
84259 6.51
86263 7.02
88267 6.83
90271 7.22
92275 7.12
94278 7.55
96282 7.38
98286 8.12
100290 7.69
102294 8.76
104297 8.29
106301 8.17
108305 8.42
110309 8.89
112313 9.00
114317 8.79
116320 8.98
118324 9.64
120328 10.22
122332 9.79
124336 9.79
126339 10.13
128343 10.16
130347 10.26
132351 10.39
134355 11.12
136358 10.86
138362 11.12
140366 11.18
142370 11.51
144374 10.99
146377 11.73
148381 11.74
150385 11.67
152389 12.44
154393 12.32
156396 12.77
158400 12.79
160404 13.05
162408 12.91
164412 13.64
166416 13.04
168419 13.41
170423 13.70
172427 15.09
174431 13.89
176435 13.85
178438 14.64
180442 14.51
182446 14.55
184450 14.63
186454 14.50
188457 14.38
190461 14.40
192465 15.99
194469 16.12
196473 15.69
198476 15.82
200480 16.05
202484 16.51
204488 16.38
206492 15.95
208495 16.44
210499 16.76
212503 17.80
214507 16.61
216511 17.18
218515 17.52
220518 16.93
222522 18.08
224526 17.64
226530 17.38
228534 18.28
230537 17.95
232541 18.62
234545 18.51
236549 18.15
238553 19.15
240556 18.49
242560 19.25
244564 18.89
246568 20.42
248572 20.28
250575 20.36
252579 20.29
254583 19.94
256587 19.71
258591 20.74
260594 20.85
262598 21.51
264602 21.53
266606 21.28
268610 21.53
270614 23.35
272617 21.63
274621 21.61
276625 22.06
278629 22.80
280633 22.30
282636 22.67
284640 22.84
286644 22.67
288648 24.14
290652 23.31
292655 23.40
294659 23.19
296663 23.29
298667 24.49
300671 23.71
302674 23.82
304678 24.78
306682 24.25
308686 24.53
310690 24.86
312693 24.18
314697 24.81
316701 25.52
318705 25.89
320709 24.99
322713 25.09
324716 24.94
326720 25.30
328724 25.11
330728 25.94
332732 26.06
334735 26.83
336739 26.45
338743 27.26
340747 27.41
342751 26.65
344754 26.78
346758 27.35
348762 27.25
350766 27.53
352770 27.74
354773 27.42
356777 28.82
358781 28.51
360785 28.38
362789 28.90
364792 28.54
366796 28.50
368800 28.95
370804 28.94
372808 29.51
374812 29.59
376815 29.98
378819 29.82
380823 29.75
382827 29.49
384831 30.11
386834 30.33
388838 30.50
390842 30.90
392846 31.13
394850 30.20
396853 30.61
398857 31.64
400861 30.78
402865 31.13
404869 31.34
406872 31.68
408876 32.08
410880 31.81
412884 32.67
414888 31.75
416891 31.67
418895 32.94
420899 32.55
422903 32.32
424907 32.60
426911 34.00
428914 33.50
430918 34.05
432922 33.21
434926 33.74
436930 33.48
438933 33.85
440937 33.90
442941 34.91
444945 34.23
446949 35.04
448952 35.00
450956 34.51
452960 35.28
454964 35.82
456968 35.92
458971 35.07
460975 35.86
462979 35.70
464983 36.47
466987 36.25
468990 36.71
470994 36.66
472998 36.88
475002 37.78
477006 36.88
479010 36.98
481013 37.38
483017 37.16
485021 37.68
487025 37.27
489029 37.50
491032 38.25
493036 39.01
495040 38.28
497044 38.26
499048 38.79
501051 39.75
503055 38.86
505059 39.26
507063 39.66
509067 38.76
511070 39.55
513074 39.67
515078 40.19
517082 40.79
519086 40.15
521089 41.03
523093 40.48
525097 40.72
527101 40.98
529105 41.15
531109 40.43
533112 40.94
535116 41.05
537120 41.07
539124 41.98
541128 42.24
543131 42.27
545135 41.31
547139 42.69
549143 42.28
551147 41.65
553150 42.61
555154 42.92
557158 42.16
559162 43.64
561166 43.27
563169 42.60
565173 43.73
567177 43.50
569181 43.98
571185 44.23
573188 44.21
575192 44.75
577196 45.15
579200 43.56
581204 44.60
583208 44.63
585211 44.74
587215 45.70
589219 45.10
591223 45.61
593227 46.41
595230 48.21
597234 45.36
599238 47.96
601242 47.72
603246 46.18
605249 47.02
607253 47.07
609257 47.40
611261 46.88
613265 47.66
615268 49.03
617272 47.65
619276 48.36
621280 47.45
623284 47.51
625287 48.33
627291 48.88
629295 48.46
631299 48.48
633303 49.99
635307 49.78
637310 50.43
639314 49.63
641318 49.51
643322 49.79
645326 49.62
647329 50.25
649333 50.43
651337 51.50
653341 51.24
655345 50.73
657348 51.26
659352 51.44
661356 51.11
663360 50.39
665364 52.52
667367 51.89
669371 52.22
671375 52.12
673379 53.35
675383 52.23
677386 52.83
679390 54.12
681394 53.72
683398 54.57
685402 53.04
687406 53.19
689409 54.31
691413 53.33
693417 54.88
695421 54.52
697425 54.20
699428 55.13
701432 57.08
703436 53.89
705440 54.34
707444 55.38
709447 54.94
711451 54.75
713455 55.14
715459 55.98
717463 57.59
719466 57.44
721470 57.94
723474 56.69
725478 57.14
727482 57.57
729485 57.87
731489 57.03
733493 59.35
735497 58.33
737501 58.19
739505 57.62
741508 58.36
743512 57.59
745516 59.53
747520 58.59
749524 59.33
751527 57.48
753531 60.19
755535 57.90
757539 58.11
759543 57.99
761546 59.49
763550 58.47
765554 59.40
767558 59.34
769562 61.13
771565 59.87
773569 61.10
775573 60.32
777577 61.48
779581 61.09
781584 59.79
783588 62.67
785592 61.68
787596 62.27
789600 60.73
791604 63.28
793607 61.80
795611 61.39
797615 62.43
799619 61.38
801623 64.02
803626 62.13
805630 63.17
807634 64.59
809638 62.96
811642 62.57
813645 63.01
815649 65.32
817653 64.06
819657 65.41
821661 66.55
823664 64.40
825668 66.64
827672 64.10
829676 65.52
831680 64.41
833683 65.34
835687 66.56
837691 67.14
839695 65.31
841699 66.75
843703 65.60
845706 66.73
847710 66.03
849714 65.44
851718 66.93
853722 66.59
855725 67.55
857729 67.95
859733 66.36
861737 67.13
863741 69.53
865744 67.94
867748 68.14
869752 69.20
871756 68.59
873760 70.73
875763 70.16
877767 69.49
879771 70.00
881775 72.21
883779 69.79
885782 70.69
887786 69.77
889790 71.23
891794 73.23
893798 71.26
895802 70.41
897805 74.14
899809 71.27
901813 70.68
903817 73.47
905821 72.50
907824 70.60
909828 73.42
911832 72.03
913836 70.95
915840 72.18
917843 73.66
919847 72.76
921851 72.21
923855 72.66
925859 72.85
927862 72.89
929866 73.47
931870 75.73
933874 73.23
935878 73.52
937881 78.16
939885 74.77
941889 74.64
943893 76.13
945897 75.48
947901 74.95
949904 75.59
951908 74.58
953912 76.94
955916 75.23
957920 75.96
959923 76.84
961927 76.15
963931 75.97
965935 76.31
967939 77.82
969942 77.86
971946 78.68
973950 77.34
975954 79.19
977958 78.55
979961 77.90
981965 78.18
983969 78.77
985973 77.47
987977 78.11
989980 78.29
991984 79.30
993988 80.56
995992 79.25
997996 79.63
1000000 81.89
