100 0.02
2103 0.07
4107 0.14
6111 0.45
8115 0.68
10119 0.50
12122 0.55
14126 0.85
16130 0.93
18134 1.02
20138 0.83
22141 1.54
24145 1.78
26149 1.16
28153 1.90
30157 2.04
32160 1.34
34164 1.35
36168 2.97
38172 2.08
40176 1.80
42179 1.70
44183 2.14
46187 2.45
48191 2.08
50195 2.11
52198 2.80
54202 2.57
56206 3.17
58210 3.27
60214 2.58
62218 2.35
64221 2.23
66225 2.63
68229 3.51
70233 2.45
72237 2.51
74240 3.16
76244 3.04
78248 3.17
80252 4.00
82256 3.07
84259 4.19
86263 3.36
88267 4.09
90271 3.84
92275 3.40
94278 3.49
96282 3.92
98286 4.06
100290 3.81
102294 4.53
104297 4.11
106301 3.87
108305 4.40
110309 5.01
112313 4.75
114317 4.62
116320 5.25
118324 5.87
120328 4.82
122332 5.11
124336 5.46
126339 5.40
128343 5.98
130347 5.72
132351 5.78
134355 5.93
136358 5.83
138362 5.78
140366 5.89
142370 6.81
144374 7.03
146377 7.96
148381 6.40
150385 7.12
152389 6.51
154393 8.24
156396 7.70
158400 7.67
160404 7.79
162408 8.61
164412 8.65
166416 8.38
168419 8.26
170423 8.57
172427 9.13
174431 8.50
176435 9.27
178438 8.89
180442 9.02
182446 9.26
184450 9.75
186454 9.41
188457 10.20
190461 10.53
192465 10.65
194469 10.75
196473 11.57
198476 10.47
200480 12.14
202484 11.74
204488 11.27
206492 11.41
208495 10.92
210499 12.23
212503 13.99
214507 12.22
216511 12.41
218515 12.91
220518 12.66
222522 13.31
224526 13.57
226530 14.38
228534 15.03
230537 14.95
232541 13.75
234545 13.73
236549 14.35
238553 15.00
240556 15.55
242560 15.59
244564 15.41
246568 15.89
248572 16.02
250575 15.96
252579 16.65
254583 17.09
256587 18.52
258591 15.95
260594 16.86
262598 16.78
264602 17.82
266606 17.28
268610 18.20
270614 17.18
272617 17.98
274621 18.16
276625 20.10
278629 18.75
280633 18.51
282636 18.66
284640 21.75
286644 21.57
288648 20.16
290652 20.97
292655 20.88
294659 20.55
296663 21.42
298667 21.54
300671 20.97
302674 22.34
304678 23.17
306682 21.96
308686 22.34
310690 22.55
312693 22.81
314697 24.01
316701 23.29
318705 23.15
320709 23.92
322713 24.61
324716 24.29
326720 25.25
328724 24.37
330728 24.64
332732 26.07
334735 26.35
336739 27.05
338743 26.92
340747 28.35
342751 26.41
344754 27.55
346758 27.17
348762 27.19
350766 28.00
352770 28.65
354773 29.51
356777 28.56
358781 28.45
360785 30.04
362789 31.86
364792 29.64
366796 30.05
368800 30.59
370804 32.59
372808 31.77
374812 32.72
376815 33.05
378819 33.61
380823 32.37
382827 33.17
384831 33.14
386834 33.38
388838 33.99
390842 34.74
392846 35.52
394850 34.71
396853 34.43
398857 35.81
400861 36.15
402865 37.60
404869 36.93
406872 36.18
408876 37.63
410880 37.96
412884 37.86
414888 39.59
416891 39.96
418895 39.30
420899 41.03
422903 39.79
424907 40.42
426911 41.96
428914 40.81
430918 43.26
432922 41.19
434926 42.27
436930 44.34
438933 43.82
440937 43.88
442941 43.86
444945 44.41
446949 44.95
448952 46.19
450956 45.50
452960 46.89
454964 46.02
456968 46.73
458971 48.99
460975 47.38
462979 47.72
464983 48.35
466987 49.06
468990 49.52
470994 50.04
472998 49.73
475002 50.31
477006 50.52
479010 51.84
481013 51.29
483017 53.36
485021 53.97
487025 53.30
489029 52.80
491032 52.76
493036 55.18
495040 55.01
497044 56.38
499048 56.83
501051 53.92
503055 53.78
505059 56.53
507063 58.19
509067 57.94
511070 58.16
513074 59.48
515078 59.65
517082 61.05
519086 62.13
521089 62.25
523093 60.40
525097 59.02
527101 64.03
529105 62.40
531109 63.47
533112 65.00
535116 64.62
537120 63.93
539124 64.98
541128 66.39
543131 65.91
545135 67.04
547139 66.96
549143 68.72
551147 67.97
553150 68.98
555154 71.82
557158 75.07
559162 70.79
561166 70.30
563169 71.47
565173 73.49
567177 73.27
569181 75.93
571185 75.35
573188 74.96
575192 74.75
577196 75.13
579200 76.48
581204 78.36
583208 76.30
585211 77.35
587215 79.65
589219 80.57
591223 79.51
593227 88.43
595230 82.00
597234 81.68
599238 81.53
601242 82.62
603246 85.33
605249 83.00
607253 82.70
609257 83.52
611261 84.86
613265 86.07
615268 85.33
617272 87.16
619276 87.21
621280 86.94
623284 89.02
625287 88.76
627291 90.09
629295 91.64
631299 87.52
633303 90.33
635307 92.86
637310 94.10
639314 94.48
641318 94.21
643322 94.89
645326 95.74
647329 96.25
649333 96.13
651337 97.76
653341 98.33
655345 96.87
657348 97.78
659352 97.02
661356 100.81
663360 101.56
665364 101.08
667367 102.26
669371 102.10
671375 102.23
673379 104.18
675383 103.45
677386 105.39
679390 106.35
681394 107.31
683398 107.44
685402 107.49
687406 108.08
689409 107.47
691413 109.33
693417 110.58
695421 110.76
697425 112.49
699428 111.07
701432 115.33
703436 114.88
705440 114.57
707444 115.84
709447 116.61
711451 116.93
713455 116.35
715459 117.92
717463 115.49
719466 119.20
721470 118.10
723474 119.91
725478 119.98
727482 120.22
729485 121.75
731489 120.73
733493 123.26
735497 123.66
737501 124.17
739505 127.16
741508 126.33
743512 129.38
745516 126.65
747520 127.02
749524 127.71
751527 130.17
753531 128.43
755535 133.74
757539 128.44
759543 132.14
761546 132.27
763550 131.90
765554 133.49
767558 135.41
769562 136.21
771565 138.06
773569 138.57
775573 136.92
777577 140.11
779581 137.95
781584 141.92
783588 140.13
785592 142.87
787596 143.08
789600 143.94
791604 144.27
793607 143.41
795611 145.22
797615 146.15
799619 147.00
801623 146.43
803626 148.45
805630 149.57
807634 147.72
809638 148.89
811642 150.22
813645 151.66
815649 154.00
817653 154.14
819657 155.92
821661 155.29
823664 157.56
825668 155.17
827672 157.46
829676 159.76
831680 157.05
833683 157.98
835687 159.24
837691 164.70
839695 161.72
841699 162.36
843703 163.28
845706 165.63
847710 164.46
849714 168.17
851718 167.41
853722 167.37
855725 168.02
857729 167.78
859733 169.02
861737 169.52
863741 171.66
865744 172.62
867748 174.18
869752 174.80
871756 176.39
873760 175.02
875763 173.44
877767 179.58
879771 178.89
881775 179.52
883779 179.71
885782 177.37
887786 181.83
889790 184.74
891794 181.75
893798 182.77
895802 185.23
897805 183.60
899809 182.12
901813 188.29
903817 187.80
905821 188.06
907824 189.14
909828 192.85
911832 189.45
913836 192.51
915840 193.18
917843 192.18
919847 193.65
921851 196.40
923855 195.52
925859 198.81
927862 198.52
929866 199.19
931870 200.06
933874 198.59
935878 202.45
937881 202.72
939885 200.75
941889 203.56
943893 205.30
945897 203.33
947901 204.97
949904 208.50
951908 210.57
953912 210.20
955916 209.79
957920 213.48
959923 211.89
961927 210.80
963931 213.25
965935 217.21
967939 217.49
969942 213.58
971946 218.36
973950 221.93
975954 219.21
977958 220.77
979961 219.93
981965 221.41
983969 222.37
985973 227.42
987977 225.87
989980 222.86
991984 224.64
993988 230.77
995992 228.55
997996 227.02
1000000 228.44
