100 0.00
2103 0.11
4107 0.20
6111 0.33
8115 0.49
10119 0.59
12122 0.73
14126 0.58
16130 0.90
18134 1.09
20138 1.48
22141 1.21
24145 1.02
26149 1.10
28153 1.58
30157 1.73
32160 1.73
34164 1.83
36168 1.80
38172 2.23
40176 1.85
42179 1.62
44183 2.31
46187 2.19
48191 2.75
50195 2.41
52198 1.78
54202 1.62
56206 2.31
58210 2.38
60214 2.42
62218 2.42
64221 2.96
66225 2.98
68229 3.02
70233 3.06
72237 3.58
74240 2.91
76244 2.83
78248 2.38
80252 2.06
82256 2.51
84259 1.85
86263 3.98
88267 3.47
90271 2.36
92275 2.00
94278 3.00
96282 2.68
98286 2.99
100290 2.72
102294 2.85
104297 2.89
106301 3.54
108305 2.37
110309 3.01
112313 3.19
114317 3.06
116320 2.67
118324 2.18
120328 3.51
122332 3.72
124336 2.76
126339 2.60
128343 3.34
130347 3.63
132351 2.84
134355 2.91
136358 3.77
138362 3.28
140366 2.47
142370 3.64
144374 2.97
146377 2.54
148381 4.10
150385 4.11
152389 2.62
154393 4.07
156396 2.96
158400 3.42
160404 3.30
162408 3.70
164412 4.62
166416 4.25
168419 3.09
170423 4.20
172427 3.51
174431 3.07
176435 3.46
178438 4.22
180442 3.85
182446 4.31
184450 4.76
186454 4.44
188457 4.76
190461 5.39
192465 3.53
194469 3.83
196473 3.63
198476 6.00
200480 4.60
202484 4.36
204488 3.68
206492 3.88
208495 7.17
210499 4.48
212503 6.59
214507 4.82
216511 4.38
218515 5.10
220518 4.24
222522 4.46
224526 3.84
226530 4.66
228534 4.48
230537 3.80
232541 3.71
234545 4.00
236549 6.77
238553 6.14
240556 3.78
242560 3.98
244564 5.09
246568 4.78
248572 6.04
250575 4.28
252579 4.85
254583 5.08
256587 5.48
258591 4.31
260594 5.19
262598 4.48
264602 4.61
266606 4.85
268610 4.18
270614 4.39
272617 4.83
274621 4.62
276625 4.63
278629 4.84
280633 5.06
282636 5.05
284640 5.88
286644 5.73
288648 5.42
290652 4.91
292655 5.91
294659 4.82
296663 5.15
298667 6.21
300671 5.84
302674 5.78
304678 5.39
306682 5.03
308686 5.61
310690 5.31
312693 5.48
314697 6.59
316701 6.35
318705 5.58
320709 7.33
322713 5.25
324716 5.43
326720 5.19
328724 5.71
330728 5.74
332732 5.48
334735 5.34
336739 7.32
338743 5.48
340747 6.63
342751 5.68
344754 6.22
346758 6.36
348762 8.04
350766 5.71
352770 5.91
354773 5.56
356777 7.64
358781 7.53
360785 5.79
362789 7.06
364792 5.99
366796 5.91
368800 6.83
370804 6.02
372808 7.47
374812 5.88
376815 6.25
378819 6.44
380823 5.93
382827 6.01
384831 7.47
386834 6.66
388838 5.94
390842 6.57
392846 6.70
394850 6.88
396853 6.83
398857 6.16
400861 6.57
402865 7.12
404869 7.20
406872 6.25
408876 6.34
410880 6.99
412884 6.41
414888 6.49
416891 6.64
418895 6.24
420899 6.67
422903 7.01
424907 7.38
426911 8.24
428914 7.09
430918 6.64
432922 7.45
434926 6.69
436930 7.32
438933 6.74
440937 7.44
442941 7.15
444945 6.34
446949 7.05
448952 7.49
450956 6.79
452960 8.24
454964 7.50
456968 7.16
458971 8.38
460975 7.78
462979 6.81
464983 7.04
466987 6.91
468990 7.33
470994 7.96
472998 7.25
475002 7.57
477006 7.23
479010 7.74
481013 7.40
483017 7.14
485021 8.40
487025 9.76
489029 7.54
491032 7.50
493036 8.95
495040 7.17
497044 8.97
499048 8.23
501051 8.05
503055 7.90
505059 10.80
507063 8.06
509067 8.16
511070 8.75
513074 8.08
515078 9.09
517082 8.42
519086 9.29
521089 8.35
523093 8.44
525097 7.95
527101 9.85
529105 9.97
531109 9.43
533112 8.49
535116 8.88
537120 9.59
539124 8.27
541128 9.47
543131 8.95
545135 8.94
547139 9.37
549143 10.53
551147 9.78
553150 8.48
555154 9.09
557158 9.33
559162 10.12
561166 9.12
563169 10.04
565173 8.71
567177 10.00
569181 8.97
571185 8.82
573188 9.94
575192 9.32
577196 9.74
579200 9.21
581204 10.06
583208 10.66
585211 9.01
587215 10.11
589219 9.11
591223 9.52
593227 9.32
595230 10.32
597234 9.32
599238 9.84
601242 9.32
603246 9.90
605249 10.65
607253 9.75
609257 10.59
611261 9.49
613265 9.71
615268 10.04
617272 9.69
619276 10.89
621280 9.44
623284 10.66
625287 10.97
627291 10.95
629295 10.29
631299 9.98
633303 9.92
635307 11.30
637310 11.64
639314 10.12
641318 10.99
643322 10.12
645326 10.87
647329 10.27
649333 11.39
651337 10.67
653341 12.19
655345 10.38
657348 10.71
659352 10.25
661356 11.18
663360 11.77
665364 11.71
667367 11.65
669371 12.05
671375 11.06
673379 11.05
675383 10.15
677386 11.91
679390 10.36
681394 13.59
683398 11.25
685402 10.58
687406 11.86
689409 11.69
691413 10.75
693417 12.96
695421 11.40
697425 12.02
699428 11.90
701432 13.34
703436 11.26
705440 12.10
707444 12.20
709447 11.13
711451 11.98
713455 13.24
715459 11.83
717463 11.48
719466 10.87
721470 11.14
723474 12.01
725478 12.46
727482 12.83
729485 11.83
731489 11.55
733493 11.72
735497 11.30
737501 11.62
739505 11.14
741508 12.59
743512 11.28
745516 12.05
747520 12.56
749524 11.91
751527 13.03
753531 12.07
755535 12.48
757539 12.52
759543 13.14
761546 12.28
763550 13.93
765554 11.98
767558 13.23
769562 11.66
771565 13.23
773569 13.16
775573 13.10
777577 12.23
779581 11.84
781584 12.41
783588 13.67
785592 13.12
787596 13.17
789600 13.02
791604 13.98
793607 13.09
795611 13.58
797615 13.84
799619 15.32
801623 14.05
803626 13.89
805630 14.21
807634 14.48
809638 12.83
811642 13.76
813645 12.35
815649 13.05
817653 12.69
819657 13.32
821661 12.49
823664 12.92
825668 14.40
827672 12.26
829676 14.97
831680 12.74
833683 13.17
835687 14.18
837691 14.01
839695 13.02
841699 12.69
843703 13.91
845706 14.35
847710 14.68
849714 13.79
851718 13.38
853722 12.94
855725 13.69
857729 13.99
859733 13.37
861737 15.00
863741 13.93
865744 13.86
867748 13.58
869752 13.15
871756 14.21
873760 14.08
875763 14.84
877767 13.89
879771 14.50
881775 14.81
883779 14.78
885782 13.57
887786 14.95
889790 14.24
891794 14.56
893798 15.78
895802 14.01
897805 13.53
899809 14.41
901813 13.88
903817 14.15
905821 14.06
907824 14.68
909828 14.77
911832 15.17
913836 15.08
915840 15.20
917843 14.63
919847 15.22
921851 14.57
923855 16.00
925859 14.39
927862 15.42
929866 15.84
931870 14.12
933874 16.80
935878 14.49
937881 14.59
939885 15.64
941889 15.78
943893 15.45
945897 15.20
947901 14.81
949904 15.91
951908 15.15
953912 14.39
955916 15.22
957920 14.86
959923 16.64
961927 15.76
963931 15.27
965935 15.56
967939 14.85
969942 14.99
971946 15.36
973950 16.58
975954 15.21
977958 14.78
979961 15.13
981965 15.41
983969 15.31
985973 15.59
987977 15.12
989980 17.36
991984 15.65
993988 14.77
995992 16.80
997996 15.74
1000000 15.46
