100 0.00
2103 0.17
4107 0.30
6111 0.43
8115 0.60
10119 0.74
12122 0.95
14126 1.05
16130 1.35
18134 1.48
20138 1.66
22141 1.87
24145 2.06
26149 2.23
28153 2.51
30157 2.68
32160 2.90
34164 3.13
36168 3.24
38172 3.40
40176 3.81
42179 3.91
44183 4.08
46187 4.86
48191 5.38
50195 5.68
52198 5.98
54202 5.86
56206 5.38
58210 6.11
60214 6.30
62218 6.07
64221 6.88
66225 6.53
68229 6.68
70233 6.77
72237 7.42
74240 8.07
76244 8.19
78248 7.76
80252 8.66
82256 8.99
84259 9.00
86263 9.01
88267 9.00
90271 9.80
92275 10.52
94278 10.43
96282 10.26
98286 11.20
100290 11.54
102294 10.77
104297 10.86
106301 12.19
108305 12.45
110309 12.30
112313 12.33
114317 12.77
116320 12.19
118324 12.55
120328 12.81
122332 13.06
124336 13.23
126339 13.61
128343 13.47
130347 14.41
132351 14.03
134355 14.30
136358 15.60
138362 14.77
140366 15.50
142370 14.85
144374 16.50
146377 15.95
148381 16.00
150385 16.18
152389 18.25
154393 16.69
156396 16.80
158400 17.49
160404 17.31
162408 19.20
164412 18.32
166416 18.51
168419 18.57
170423 18.63
172427 18.68
174431 19.99
176435 19.23
178438 19.69
180442 20.04
182446 19.07
184450 20.11
186454 20.66
188457 22.95
190461 21.60
192465 23.47
194469 23.20
196473 23.18
198476 22.15
200480 23.28
202484 24.20
204488 24.29
206492 23.19
208495 24.08
210499 24.16
212503 25.12
214507 23.78
216511 24.81
218515 24.15
220518 26.11
222522 25.38
224526 25.90
226530 26.88
228534 26.82
230537 26.62
232541 26.39
234545 26.48
236549 28.23
238553 28.55
240556 28.55
242560 29.27
244564 29.51
246568 29.06
248572 28.50
250575 27.57
252579 29.40
254583 29.89
256587 29.74
258591 29.68
260594 30.98
262598 33.66
264602 30.66
266606 30.45
268610 32.08
270614 32.37
272617 31.92
274621 32.63
276625 32.86
278629 33.93
280633 31.01
282636 35.63
284640 34.09
286644 33.83
288648 33.97
290652 34.14
292655 34.93
294659 36.94
296663 35.27
298667 35.25
300671 35.42
302674 35.65
304678 33.92
306682 36.58
308686 36.86
310690 36.55
312693 36.98
314697 37.21
316701 37.10
318705 37.51
320709 38.00
322713 38.33
324716 38.70
326720 39.75
328724 39.81
330728 39.39
332732 39.69
334735 40.41
336739 40.72
338743 39.90
340747 40.37
342751 39.81
344754 41.54
346758 39.65
348762 41.12
350766 41.49
352770 45.32
354773 42.98
356777 41.69
358781 42.32
360785 43.89
362789 43.38
364792 41.73
366796 43.55
368800 43.44
370804 44.92
372808 45.44
374812 44.69
376815 45.49
378819 45.70
380823 46.06
382827 45.22
384831 48.53
386834 46.06
388838 47.19
390842 49.35
392846 48.80
394850 48.78
396853 47.14
398857 48.32
400861 51.23
402865 47.12
404869 47.79
406872 49.54
408876 50.03
410880 52.07
412884 48.08
414888 48.04
416891 48.80
418895 49.06
420899 50.62
422903 50.33
424907 51.17
426911 51.12
428914 50.30
430918 49.44
432922 51.02
434926 49.98
436930 52.91
438933 50.84
440937 53.50
442941 52.77
444945 53.95
446949 53.11
448952 54.78
450956 52.94
452960 53.42
454964 54.58
456968 56.10
458971 60.74
460975 55.72
462979 55.17
464983 54.90
466987 60.64
468990 56.18
470994 58.02
472998 58.93
475002 58.21
477006 56.13
479010 57.35
481013 57.86
483017 57.95
485021 58.92
487025 60.21
489029 58.41
491032 60.65
493036 59.52
495040 60.94
497044 59.06
499048 60.27
501051 59.07
503055 60.11
505059 61.27
507063 61.87
509067 60.09
511070 60.52
513074 61.54
515078 67.90
517082 62.59
519086 62.65
521089 65.27
523093 65.59
525097 71.95
527101 64.64
529105 64.42
531109 64.53
533112 63.68
535116 64.25
537120 67.42
539124 65.36
541128 65.79
543131 65.90
545135 65.25
547139 68.27
549143 68.40
551147 66.54
553150 66.77
555154 67.47
557158 75.51
559162 66.27
561166 71.53
563169 72.07
565173 69.99
567177 68.09
569181 70.61
571185 69.44
573188 72.65
575192 69.67
577196 70.30
579200 75.13
581204 71.05
583208 70.46
585211 73.04
587215 71.59
589219 74.51
591223 72.39
593227 73.19
595230 71.97
597234 73.48
599238 71.88
601242 72.31
603246 74.14
605249 75.88
607253 75.11
609257 75.20
611261 75.26
613265 76.26
615268 74.98
617272 76.02
619276 75.74
621280 78.24
623284 78.13
625287 76.49
627291 76.26
629295 78.28
631299 82.43
633303 76.82
635307 77.74
637310 80.80
639314 79.75
641318 78.88
643322 79.02
645326 80.29
647329 81.58
649333 80.74
651337 81.21
653341 85.75
655345 87.68
657348 85.27
659352 83.76
661356 81.76
663360 84.86
665364 82.56
667367 83.37
669371 83.98
671375 85.11
673379 82.08
675383 83.89
677386 84.99
679390 85.77
681394 86.08
683398 87.27
685402 87.42
687406 85.75
689409 88.01
691413 86.25
693417 85.61
695421 86.02
697425 87.62
699428 89.98
701432 89.11
703436 89.79
705440 89.26
707444 88.81
709447 88.27
711451 90.12
713455 87.45
715459 90.21
717463 89.15
719466 90.79
721470 91.18
723474 89.39
725478 89.34
727482 89.57
729485 88.79
731489 89.95
733493 88.53
735497 91.83
737501 92.54
739505 92.53
741508 91.82
743512 92.77
745516 97.85
747520 107.28
749524 97.63
751527 96.89
753531 96.97
755535 94.41
757539 96.79
759543 97.90
761546 96.99
763550 95.11
765554 97.68
767558 96.15
769562 100.66
771565 98.79
773569 100.40
775573 97.94
777577 99.54
779581 97.48
781584 98.80
783588 102.11
785592 105.37
787596 105.26
789600 102.00
791604 99.76
793607 108.44
795611 100.03
797615 101.05
799619 101.05
801623 104.85
803626 99.12
805630 99.75
807634 99.71
809638 100.19
811642 99.97
813645 101.76
815649 103.58
817653 104.90
819657 106.61
821661 101.53
823664 102.64
825668 106.01
827672 102.29
829676 102.42
831680 105.74
833683 105.29
835687 109.37
837691 104.59
839695 112.35
841699 110.51
843703 112.84
845706 107.40
847710 109.86
849714 111.87
851718 112.08
853722 111.07
855725 106.97
857729 109.93
859733 108.48
861737 106.46
863741 111.03
865744 110.84
867748 114.50
869752 109.04
871756 108.73
873760 109.15
875763 109.55
877767 109.29
879771 111.05
881775 112.17
883779 113.25
885782 111.63
887786 113.00
889790 112.79
891794 112.21
893798 112.60
895802 112.00
897805 115.72
899809 114.86
901813 114.65
903817 115.03
905821 115.39
907824 116.14
909828 119.95
911832 116.74
913836 119.76
915840 120.50
917843 132.91
919847 118.19
921851 118.22
923855 117.66
925859 118.65
927862 116.81
929866 117.67
931870 119.15
933874 123.10
935878 117.42
937881 119.64
939885 119.48
941889 123.35
943893 120.84
945897 124.65
947901 121.98
949904 125.05
951908 125.94
953912 119.26
955916 123.26
957920 125.35
959923 121.59
961927 124.45
963931 123.90
965935 124.46
967939 126.37
969942 124.68
971946 124.89
973950 127.08
975954 123.58
977958 127.71
979961 128.14
981965 132.34
983969 131.42
985973 128.35
987977 124.11
989980 128.97
991984 125.58
993988 127.28
995992 129.17
997996 127.62
1000000 130.15
