100 0.00
2103 0.14
4107 0.35
6111 0.52
8115 0.70
10119 0.91
12122 1.18
14126 1.29
16130 1.59
18134 1.71
20138 1.96
22141 2.20
24145 2.49
26149 2.64
28153 2.89
30157 3.11
32160 3.52
34164 3.55
36168 4.70
38172 4.60
40176 4.69
42179 4.74
44183 5.06
46187 5.16
48191 5.45
50195 6.31
52198 7.04
54202 6.87
56206 7.33
58210 7.84
60214 8.45
62218 8.86
64221 8.89
66225 7.99
68229 8.27
70233 10.08
72237 9.40
74240 10.47
76244 10.83
78248 9.58
80252 10.89
82256 10.64
84259 12.58
86263 10.58
88267 11.63
90271 13.51
92275 13.19
94278 13.47
96282 12.89
98286 14.71
100290 13.95
102294 13.24
104297 14.30
106301 14.82
108305 14.60
110309 14.73
112313 15.38
114317 14.48
116320 17.31
118324 17.02
120328 17.80
122332 15.75
124336 17.62
126339 17.85
128343 16.65
130347 17.37
132351 19.01
134355 20.99
136358 18.86
138362 18.06
140366 21.60
142370 21.14
144374 20.41
146377 19.05
148381 19.23
150385 22.01
152389 21.92
154393 20.74
156396 23.85
158400 23.68
160404 21.53
162408 25.35
164412 25.38
166416 26.57
168419 22.76
170423 21.79
172427 25.73
174431 26.87
176435 23.62
178438 24.34
180442 26.46
182446 24.38
184450 26.96
186454 28.58
188457 26.30
190461 25.54
192465 28.98
194469 29.50
196473 27.52
198476 27.41
200480 29.60
202484 29.30
204488 30.51
206492 31.08
208495 29.50
210499 29.81
212503 32.15
214507 34.51
216511 31.53
218515 30.70
220518 31.36
222522 32.39
224526 31.93
226530 34.53
228534 33.04
230537 34.64
232541 34.02
234545 33.95
236549 37.43
238553 34.42
240556 34.95
242560 39.15
244564 35.96
246568 35.86
248572 35.76
250575 35.89
252579 35.97
254583 40.60
256587 36.40
258591 36.71
260594 37.39
262598 41.67
264602 38.24
266606 36.20
268610 38.46
270614 39.02
272617 37.89
274621 39.74
276625 39.59
278629 43.52
280633 38.08
282636 43.67
284640 39.93
286644 41.98
288648 42.96
290652 43.03
292655 43.37
294659 44.53
296663 40.45
298667 44.83
300671 45.24
302674 41.68
304678 45.51
306682 45.83
308686 44.81
310690 47.72
312693 44.21
314697 44.38
316701 45.00
318705 49.02
320709 44.30
322713 46.66
324716 48.54
326720 48.91
328724 47.60
330728 49.64
332732 47.07
334735 49.91
336739 47.11
338743 48.11
340747 52.13
342751 48.59
344754 52.59
346758 48.54
348762 49.90
350766 49.03
352770 51.64
354773 50.27
356777 52.67
358781 51.39
360785 53.05
362789 50.55
364792 52.74
366796 52.38
368800 53.81
370804 51.61
372808 55.72
374812 53.59
376815 57.11
378819 55.16
380823 57.95
382827 55.27
384831 55.39
386834 55.47
388838 57.01
390842 58.30
392846 57.56
394850 57.27
396853 57.14
398857 59.17
400861 57.73
402865 56.80
404869 61.09
406872 57.20
408876 58.27
410880 59.60
412884 58.94
414888 57.46
416891 60.02
418895 58.45
420899 60.69
422903 61.03
424907 62.12
426911 63.01
428914 62.62
430918 60.22
432922 61.75
434926 60.62
436930 62.85
438933 63.76
440937 63.68
442941 63.76
444945 63.45
446949 63.84
448952 66.55
450956 63.15
452960 65.34
454964 65.90
456968 65.78
458971 75.39
460975 64.69
462979 67.59
464983 66.01
466987 70.64
468990 69.51
470994 69.53
472998 68.06
475002 71.85
477006 70.22
479010 69.62
481013 70.39
483017 73.05
485021 69.40
487025 71.43
489029 74.37
491032 73.26
493036 74.06
495040 77.17
497044 74.19
499048 72.45
501051 73.74
503055 75.11
505059 74.85
507063 75.69
509067 72.94
511070 76.45
513074 80.08
515078 79.54
517082 78.01
519086 80.14
521089 83.14
523093 80.92
525097 88.31
527101 82.67
529105 79.33
531109 78.60
533112 78.42
535116 78.24
537120 79.35
539124 78.15
541128 80.72
543131 78.86
545135 77.98
547139 81.29
549143 79.20
551147 81.37
553150 81.84
555154 82.00
557158 91.74
559162 81.43
561166 87.32
563169 86.57
565173 84.31
567177 82.37
569181 83.90
571185 85.94
573188 89.06
575192 86.90
577196 85.43
579200 88.50
581204 85.64
583208 85.38
585211 92.20
587215 88.34
589219 94.30
591223 87.50
593227 87.62
595230 86.33
597234 90.72
599238 91.97
601242 90.42
603246 90.55
605249 92.82
607253 90.76
609257 90.90
611261 91.81
613265 93.48
615268 93.04
617272 93.43
619276 96.92
621280 100.67
623284 96.54
625287 93.45
627291 94.50
629295 94.60
631299 98.29
633303 95.36
635307 95.91
637310 100.01
639314 100.57
641318 100.53
643322 102.47
645326 98.30
647329 102.14
649333 100.31
651337 101.24
653341 102.10
655345 110.43
657348 102.61
659352 101.52
661356 100.92
663360 103.44
665364 103.36
667367 102.76
669371 102.15
671375 103.40
673379 107.82
675383 101.29
677386 102.44
679390 103.67
681394 105.04
683398 104.86
685402 106.07
687406 106.15
689409 107.42
691413 104.64
693417 105.47
695421 105.56
697425 105.65
699428 109.85
701432 108.26
703436 110.55
705440 108.05
707444 112.62
709447 109.65
711451 111.26
713455 108.41
715459 114.12
717463 110.69
719466 112.39
721470 111.55
723474 113.48
725478 109.46
727482 112.42
729485 110.27
731489 117.31
733493 111.07
735497 114.66
737501 115.08
739505 113.01
741508 112.97
743512 113.86
745516 119.35
747520 129.55
749524 121.53
751527 121.30
753531 121.70
755535 115.62
757539 119.77
759543 117.24
761546 119.65
763550 117.89
765554 120.83
767558 119.74
769562 121.13
771565 118.89
773569 120.06
775573 120.20
777577 128.54
779581 125.15
781584 125.30
783588 124.04
785592 124.57
787596 129.08
789600 127.24
791604 123.82
793607 127.80
795611 122.32
797615 122.92
799619 128.04
801623 125.74
803626 122.61
805630 123.89
807634 125.16
809638 128.54
811642 121.13
813645 123.69
815649 125.52
817653 129.70
819657 135.18
821661 126.44
823664 126.24
825668 125.75
827672 124.59
829676 129.00
831680 131.05
833683 129.62
835687 133.16
837691 128.60
839695 139.48
841699 132.41
843703 133.74
845706 132.54
847710 134.05
849714 134.70
851718 140.88
853722 133.94
855725 134.76
857729 135.59
859733 133.39
861737 137.18
863741 133.41
865744 132.61
867748 137.36
869752 132.98
871756 134.32
873760 135.85
875763 143.87
877767 136.43
879771 137.15
881775 138.34
883779 138.79
885782 136.51
887786 139.46
889790 136.32
891794 139.10
893798 138.23
895802 139.05
897805 142.06
899809 142.60
901813 141.76
903817 142.76
905821 141.48
907824 145.25
909828 145.06
911832 144.64
913836 145.49
915840 149.01
917843 166.88
919847 147.94
921851 147.45
923855 143.41
925859 144.90
927862 144.03
929866 144.59
931870 149.99
933874 151.51
935878 151.93
937881 148.95
939885 150.66
941889 152.61
943893 148.23
945897 155.91
947901 150.60
949904 154.39
951908 152.48
953912 151.18
955916 149.84
957920 153.69
959923 151.20
961927 155.24
963931 151.25
965935 157.42
967939 154.40
969942 153.69
971946 151.66
973950 153.46
975954 152.13
977958 156.46
979961 157.94
981965 158.00
983969 165.78
985973 155.53
987977 154.17
989980 157.35
991984 153.38
993988 156.36
995992 161.66
997996 157.16
1000000 159.28
