100 0.00
2103 0.11
4107 0.23
6111 0.36
8115 0.50
10119 0.64
12122 0.78
14126 0.93
16130 1.08
18134 1.23
20138 1.38
22141 1.54
24145 1.68
26149 2.00
28153 2.00
30157 2.24
32160 2.31
34164 2.48
36168 2.71
38172 3.40
40176 3.05
42179 3.42
44183 3.57
46187 4.02
48191 4.05
50195 3.93
52198 4.10
54202 4.42
56206 4.47
58210 4.65
60214 4.85
62218 5.08
64221 5.32
66225 5.86
68229 5.89
70233 6.00
72237 6.47
74240 6.50
76244 6.41
78248 7.94
80252 6.94
82256 6.91
84259 7.60
86263 7.27
88267 8.31
90271 7.72
92275 8.21
94278 8.37
96282 8.50
98286 8.86
100290 9.03
102294 8.97
104297 9.41
106301 9.99
108305 9.50
110309 9.75
112313 10.49
114317 10.72
116320 10.27
118324 11.94
120328 11.44
122332 12.56
124336 11.62
126339 11.35
128343 12.46
130347 11.72
132351 12.50
134355 12.67
136358 12.96
138362 13.37
140366 13.77
142370 13.66
144374 13.68
146377 13.77
148381 14.76
150385 15.40
152389 14.82
154393 15.54
156396 14.35
158400 14.64
160404 14.63
162408 14.88
164412 17.17
166416 15.91
168419 16.44
170423 16.99
172427 15.80
174431 17.57
176435 16.82
178438 16.95
180442 16.92
182446 17.12
184450 17.38
186454 18.64
188457 17.80
190461 18.06
192465 18.15
194469 18.59
196473 18.93
198476 18.45
200480 21.50
202484 21.59
204488 19.70
206492 19.78
208495 20.13
210499 21.52
212503 21.24
214507 20.82
216511 22.95
218515 22.30
220518 21.25
222522 24.53
224526 23.02
226530 23.59
228534 22.45
230537 22.23
232541 25.03
234545 23.79
236549 22.91
238553 26.51
240556 25.22
242560 23.68
244564 26.73
246568 24.32
248572 28.25
250575 26.02
252579 25.61
254583 24.96
256587 25.98
258591 25.53
260594 26.38
262598 27.79
264602 28.62
266606 27.55
268610 28.92
270614 28.78
272617 30.01
274621 28.04
276625 29.24
278629 31.21
280633 27.79
282636 31.37
284640 32.38
286644 29.09
288648 32.76
290652 29.39
292655 32.17
294659 33.04
296663 30.42
298667 33.89
300671 30.26
302674 32.59
304678 36.85
306682 34.75
308686 36.65
310690 34.10
312693 33.62
314697 34.92
316701 32.95
318705 36.86
320709 34.29
322713 36.43
324716 34.02
326720 38.63
328724 38.10
330728 38.06
332732 36.75
334735 37.00
336739 38.07
338743 39.27
340747 38.17
342751 36.44
344754 38.63
346758 40.56
348762 41.02
350766 38.32
352770 41.73
354773 40.84
356777 46.21
358781 42.18
360785 44.22
362789 40.11
364792 41.36
366796 44.39
368800 42.16
370804 44.38
372808 43.67
374812 44.04
376815 48.95
378819 45.84
380823 44.66
382827 41.62
384831 46.92
386834 48.58
388838 41.29
390842 44.46
392846 44.96
394850 46.02
396853 47.40
398857 46.28
400861 42.51
402865 45.97
404869 47.39
406872 53.04
408876 44.28
410880 48.80
412884 46.84
414888 54.08
416891 46.28
418895 53.79
420899 46.12
422903 52.50
424907 47.40
426911 51.64
428914 50.50
430918 50.39
432922 50.83
434926 52.05
436930 52.84
438933 53.12
440937 51.72
442941 57.71
444945 48.15
446949 52.09
448952 47.97
450956 52.97
452960 54.36
454964 59.07
456968 55.08
458971 56.61
460975 56.34
462979 53.59
464983 59.29
466987 59.55
468990 51.73
470994 58.99
472998 55.51
475002 59.87
477006 64.24
479010 55.43
481013 60.10
483017 55.83
485021 55.13
487025 57.72
489029 61.32
491032 67.58
493036 54.70
495040 61.38
497044 63.34
499048 59.58
501051 64.08
503055 59.58
505059 61.59
507063 62.33
509067 66.86
511070 58.01
513074 59.22
515078 65.71
517082 68.41
519086 66.40
521089 64.97
523093 68.30
525097 65.88
527101 59.24
529105 63.64
531109 65.76
533112 66.34
535116 62.93
537120 64.90
539124 68.62
541128 71.14
543131 61.74
545135 68.19
547139 68.31
549143 65.75
551147 69.14
553150 65.52
555154 65.73
557158 65.89
559162 63.96
561166 64.74
563169 70.00
565173 74.21
567177 72.99
569181 65.22
571185 64.32
573188 70.99
575192 72.38
577196 71.83
579200 68.23
581204 75.84
583208 69.50
585211 68.33
587215 73.80
589219 75.76
591223 70.51
593227 74.59
595230 73.64
597234 71.47
599238 82.95
601242 74.41
603246 69.35
605249 73.94
607253 77.04
609257 79.34
611261 80.53
613265 75.59
615268 82.21
617272 78.99
619276 71.83
621280 77.07
623284 79.34
625287 79.99
627291 85.79
629295 73.89
631299 76.86
633303 78.45
635307 81.53
637310 82.72
639314 78.55
641318 73.52
643322 74.38
645326 82.75
647329 84.86
649333 80.07
651337 82.28
653341 81.67
655345 78.62
657348 75.44
659352 77.98
661356 77.15
663360 79.19
665364 77.40
667367 80.64
669371 80.01
671375 81.42
673379 80.15
675383 86.65
677386 97.27
679390 82.65
681394 89.21
683398 95.21
685402 87.69
687406 87.74
689409 82.99
691413 81.52
693417 97.15
695421 90.53
697425 90.02
699428 82.62
701432 95.32
703436 90.91
705440 93.38
707444 93.20
709447 89.26
711451 93.16
713455 96.36
715459 99.48
717463 98.32
719466 99.99
721470 85.05
723474 97.96
725478 100.76
727482 97.08
729485 86.35
731489 95.44
733493 93.20
735497 93.09
737501 91.90
739505 97.53
741508 93.37
743512 104.61
745516 106.09
747520 102.91
749524 93.46
751527 92.95
753531 88.75
755535 97.53
757539 106.07
759543 106.63
761546 104.88
763550 101.46
765554 103.23
767558 102.41
769562 99.58
771565 101.73
773569 99.30
775573 101.78
777577 105.84
779581 100.31
781584 104.28
783588 106.20
785592 99.23
787596 101.05
789600 97.65
791604 93.45
793607 104.99
795611 112.64
797615 109.78
799619 99.37
801623 108.61
803626 107.19
805630 107.38
807634 106.79
809638 107.70
811642 103.48
813645 106.80
815649 104.96
817653 101.90
819657 101.42
821661 107.00
823664 109.59
825668 105.40
827672 100.83
829676 105.88
831680 108.58
833683 100.12
835687 114.43
837691 110.72
839695 106.34
841699 104.59
843703 106.78
845706 114.18
847710 100.75
849714 99.09
851718 111.00
853722 117.98
855725 115.21
857729 112.18
859733 113.95
861737 104.88
863741 103.92
865744 103.13
867748 116.88
869752 117.50
871756 106.47
873760 110.68
875763 120.56
877767 113.84
879771 115.28
881775 115.67
883779 114.59
885782 114.46
887786 114.80
889790 122.34
891794 115.03
893798 119.19
895802 119.09
897805 114.21
899809 120.06
901813 120.86
903817 116.44
905821 120.22
907824 122.83
909828 117.86
911832 120.43
913836 112.51
915840 109.70
917843 122.06
919847 120.52
921851 123.43
923855 123.90
925859 120.50
927862 120.52
929866 122.49
931870 113.94
933874 119.96
935878 118.59
937881 113.00
939885 125.23
941889 126.43
943893 123.18
945897 119.35
947901 115.34
949904 133.25
951908 115.49
953912 124.76
955916 126.91
957920 116.02
959923 125.88
961927 123.19
963931 132.87
965935 118.88
967939 130.07
969942 129.81
971946 119.29
973950 126.39
975954 120.36
977958 130.12
979961 124.33
981965 136.80
983969 119.76
985973 133.28
987977 123.74
989980 130.18
991984 134.83
993988 120.37
995992 132.43
997996 130.62
1000000 131.55
