100 0.00
2103 0.08
4107 0.16
6111 0.34
8115 0.27
10119 0.43
12122 0.59
14126 0.70
16130 0.88
18134 0.85
20138 1.07
22141 0.90
24145 1.28
26149 1.09
28153 1.56
30157 1.10
32160 1.22
34164 1.72
36168 1.97
38172 2.25
40176 2.48
42179 2.78
44183 2.36
46187 2.35
48191 2.22
50195 1.93
52198 1.64
54202 1.41
56206 3.01
58210 2.77
60214 2.39
62218 2.39
64221 2.66
66225 2.50
68229 1.86
70233 2.72
72237 2.34
74240 1.92
76244 1.47
78248 2.24
80252 2.29
82256 3.20
84259 3.52
86263 2.66
88267 2.01
90271 3.03
92275 3.03
94278 2.91
96282 3.07
98286 2.90
100290 3.37
102294 2.89
104297 3.03
106301 3.50
108305 3.04
110309 3.25
112313 3.22
114317 2.63
116320 2.79
118324 3.40
120328 2.76
122332 3.55
124336 3.72
126339 3.54
128343 3.44
130347 3.22
132351 3.29
134355 2.83
136358 2.97
138362 3.27
140366 3.11
142370 4.19
144374 3.71
146377 3.60
148381 4.76
150385 3.53
152389 4.05
154393 2.86
156396 3.37
158400 3.98
160404 4.53
162408 3.88
164412 4.35
166416 3.63
168419 3.09
170423 4.08
172427 4.52
174431 4.43
176435 4.08
178438 4.70
180442 3.61
182446 3.24
184450 4.03
186454 4.45
188457 5.23
190461 4.54
192465 3.26
194469 3.37
196473 4.38
198476 4.77
200480 5.46
202484 5.80
204488 3.19
206492 3.46
208495 4.04
210499 4.78
212503 5.05
214507 3.87
216511 4.39
218515 4.00
220518 3.57
222522 3.27
224526 3.82
226530 3.62
228534 3.91
230537 5.19
232541 4.31
234545 4.28
236549 5.83
238553 4.28
240556 4.35
242560 4.43
244564 3.94
246568 5.96
248572 3.98
250575 5.04
252579 3.59
254583 3.80
256587 5.46
258591 5.74
260594 4.21
262598 4.26
264602 4.76
266606 5.10
268610 5.60
270614 4.72
272617 7.00
274621 4.49
276625 4.82
278629 5.09
280633 4.30
282636 4.10
284640 4.29
286644 5.22
288648 5.56
290652 4.61
292655 5.79
294659 5.27
296663 4.71
298667 5.54
300671 4.91
302674 4.99
304678 5.60
306682 4.43
308686 6.98
310690 5.37
312693 5.79
314697 4.88
316701 5.53
318705 5.90
320709 4.76
322713 6.24
324716 5.26
326720 5.27
328724 5.45
330728 6.83
332732 4.93
334735 5.76
336739 5.98
338743 5.15
340747 4.91
342751 4.80
344754 5.68
346758 5.38
348762 5.31
350766 5.63
352770 4.99
354773 7.01
356777 6.33
358781 5.68
360785 6.09
362789 5.66
364792 5.92
366796 5.67
368800 5.76
370804 5.81
372808 5.76
374812 6.42
376815 6.57
378819 5.69
380823 5.94
382827 5.68
384831 7.39
386834 5.63
388838 6.91
390842 6.07
392846 7.57
394850 8.03
396853 7.74
398857 6.37
400861 5.72
402865 7.85
404869 6.22
406872 6.08
408876 6.34
410880 6.51
412884 6.63
414888 6.79
416891 6.38
418895 6.37
420899 6.23
422903 6.47
424907 7.69
426911 8.38
428914 7.16
430918 7.54
432922 7.18
434926 5.82
436930 7.61
438933 6.51
440937 7.94
442941 6.63
444945 6.86
446949 7.48
448952 7.32
450956 6.44
452960 5.94
454964 6.65
456968 6.79
458971 6.78
460975 7.62
462979 9.05
464983 6.69
466987 6.71
468990 7.23
470994 6.71
472998 8.37
475002 9.38
477006 7.03
479010 7.02
481013 7.48
483017 7.25
485021 7.07
487025 7.38
489029 6.96
491032 7.73
493036 7.62
495040 7.59
497044 7.04
499048 7.10
501051 7.56
503055 7.44
505059 6.76
507063 8.85
509067 8.35
511070 6.91
513074 7.38
515078 7.08
517082 6.80
519086 8.81
521089 8.95
523093 7.35
525097 7.07
527101 8.07
529105 9.00
531109 9.81
533112 8.00
535116 10.40
537120 8.54
539124 10.18
541128 9.91
543131 7.59
545135 9.26
547139 8.50
549143 7.52
551147 8.18
553150 8.16
555154 8.42
557158 9.05
559162 10.25
561166 10.03
563169 8.57
565173 8.87
567177 9.88
569181 8.46
571185 11.74
573188 9.23
575192 8.92
577196 7.39
579200 8.83
581204 8.69
583208 8.31
585211 9.90
587215 8.53
589219 10.29
591223 8.52
593227 8.48
595230 9.11
597234 8.37
599238 8.11
601242 8.31
603246 9.00
605249 9.11
607253 8.64
609257 10.53
611261 10.66
613265 9.57
615268 8.53
617272 10.62
619276 9.92
621280 9.60
623284 11.19
625287 9.47
627291 8.10
629295 10.07
631299 10.09
633303 8.63
635307 9.73
637310 9.76
639314 9.07
641318 9.09
643322 10.07
645326 8.79
647329 10.75
649333 11.11
651337 9.68
653341 10.01
655345 9.20
657348 8.82
659352 9.73
661356 10.59
663360 10.07
665364 9.34
667367 9.10
669371 10.09
671375 10.26
673379 9.01
675383 11.78
677386 10.00
679390 9.39
681394 9.42
683398 9.29
685402 9.37
687406 10.44
689409 11.20
691413 9.76
693417 10.75
695421 12.17
697425 10.05
699428 9.57
701432 9.77
703436 9.53
705440 10.46
707444 10.96
709447 11.70
711451 10.48
713455 10.24
715459 11.68
717463 10.05
719466 9.83
721470 11.37
723474 10.30
725478 10.40
727482 10.26
729485 10.48
731489 12.88
733493 10.15
735497 9.66
737501 10.90
739505 10.13
741508 10.89
743512 10.30
745516 11.21
747520 10.89
749524 10.29
751527 10.89
753531 11.68
755535 10.28
757539 11.20
759543 11.78
761546 11.20
763550 10.79
765554 10.04
767558 10.75
769562 11.81
771565 11.14
773569 11.55
775573 11.23
777577 14.24
779581 10.46
781584 10.43
783588 10.31
785592 11.64
787596 13.03
789600 11.26
791604 11.53
793607 12.66
795611 11.25
797615 10.94
799619 12.43
801623 12.69
803626 13.05
805630 12.60
807634 11.20
809638 11.71
811642 11.28
813645 12.49
815649 11.67
817653 11.75
819657 12.84
821661 12.44
823664 12.05
825668 11.37
827672 12.58
829676 11.28
831680 12.63
833683 11.09
835687 10.30
837691 12.63
839695 11.84
841699 11.12
843703 11.79
845706 12.49
847710 11.87
849714 13.41
851718 12.14
853722 12.39
855725 11.87
857729 11.39
859733 13.33
861737 13.17
863741 14.06
865744 12.89
867748 12.44
869752 12.69
871756 11.82
873760 11.94
875763 11.70
877767 12.41
879771 11.77
881775 12.49
883779 13.46
885782 12.98
887786 12.66
889790 11.88
891794 12.57
893798 13.42
895802 12.93
897805 12.38
899809 13.07
901813 11.56
903817 13.39
905821 12.56
907824 12.51
909828 12.26
911832 12.33
913836 14.52
915840 12.77
917843 12.58
919847 13.81
921851 12.47
923855 12.71
925859 14.45
927862 13.29
929866 13.65
931870 14.20
933874 14.55
935878 12.52
937881 12.97
939885 13.58
941889 12.28
943893 13.08
945897 13.32
947901 12.92
949904 13.48
951908 12.44
953912 16.16
955916 13.34
957920 15.10
959923 13.31
961927 13.82
963931 13.42
965935 13.18
967939 13.48
969942 12.73
971946 12.96
973950 17.06
975954 13.14
977958 14.86
979961 16.38
981965 12.98
983969 13.83
985973 16.23
987977 13.18
989980 13.37
991984 13.56
993988 14.05
995992 14.95
997996 13.14
1000000 13.74
