100 0.00
2103 0.12
4107 0.29
6111 0.41
8115 0.56
10119 0.75
12122 0.90
14126 1.05
16130 1.29
18134 1.47
20138 1.80
22141 1.83
24145 2.11
26149 2.26
28153 2.77
30157 2.67
32160 4.11
34164 3.07
36168 3.31
38172 3.49
40176 3.77
42179 4.02
44183 4.05
46187 4.26
48191 4.59
50195 4.95
52198 5.01
54202 5.15
56206 5.42
58210 5.71
60214 5.83
62218 6.26
64221 6.32
66225 6.94
68229 7.65
70233 8.73
72237 7.29
74240 9.53
76244 8.53
78248 7.91
80252 9.38
82256 9.26
84259 10.29
86263 9.84
88267 9.58
90271 11.54
92275 9.55
94278 11.71
96282 11.02
98286 11.84
100290 10.80
102294 12.32
104297 11.06
106301 11.42
108305 11.30
110309 12.81
112313 12.67
114317 12.32
116320 12.73
118324 13.06
120328 15.48
122332 15.23
124336 15.34
126339 14.04
128343 16.06
130347 16.37
132351 16.84
134355 16.78
136358 15.96
138362 14.78
140366 18.90
142370 17.80
144374 18.06
146377 16.12
148381 18.64
150385 16.30
152389 16.19
154393 21.41
156396 19.53
158400 19.69
160404 17.90
162408 18.12
164412 18.35
166416 18.42
168419 19.33
170423 21.61
172427 19.01
174431 22.56
176435 20.02
178438 22.00
180442 23.26
182446 22.01
184450 20.86
186454 23.61
188457 25.33
190461 21.64
192465 24.59
194469 22.78
196473 28.43
198476 24.84
200480 25.37
202484 22.96
204488 26.99
206492 25.54
208495 26.03
210499 26.25
212503 29.70
214507 26.93
216511 26.87
218515 27.55
220518 27.15
222522 27.73
224526 28.24
226530 28.38
228534 28.34
230537 28.31
232541 26.60
234545 28.39
236549 32.11
238553 29.43
240556 28.96
242560 29.92
244564 30.46
246568 30.51
248572 29.96
250575 31.08
252579 32.54
254583 31.56
256587 32.00
258591 31.63
260594 33.18
262598 35.71
264602 32.01
266606 31.70
268610 33.04
270614 30.70
272617 34.34
274621 33.60
276625 34.69
278629 36.26
280633 33.96
282636 39.59
284640 36.12
286644 37.00
288648 36.01
290652 37.06
292655 36.30
294659 37.93
296663 38.17
298667 36.12
300671 36.40
302674 38.71
304678 34.41
306682 39.05
308686 38.02
310690 37.45
312693 36.58
314697 39.82
316701 36.99
318705 38.32
320709 38.14
322713 43.12
324716 41.05
326720 39.27
328724 42.25
330728 43.03
332732 38.83
334735 39.49
336739 39.61
338743 39.99
340747 43.92
342751 42.59
344754 44.86
346758 40.00
348762 40.79
350766 41.08
352770 48.52
354773 45.54
356777 44.28
358781 43.08
360785 46.20
362789 42.53
364792 42.93
366796 44.06
368800 44.17
370804 46.72
372808 44.37
374812 45.83
376815 48.43
378819 46.96
380823 45.32
382827 47.55
384831 47.42
386834 47.41
388838 47.02
390842 47.46
392846 50.30
394850 49.01
396853 49.33
398857 49.78
400861 48.60
402865 49.67
404869 48.42
406872 50.13
408876 51.05
410880 51.53
412884 50.45
414888 48.65
416891 51.60
418895 49.09
420899 50.87
422903 52.81
424907 53.26
426911 51.00
428914 51.70
430918 51.74
432922 53.73
434926 51.93
436930 52.86
438933 53.02
440937 53.72
442941 53.09
444945 53.10
446949 53.42
448952 54.67
450956 53.73
452960 56.92
454964 54.38
456968 56.62
458971 63.90
460975 54.89
462979 56.76
464983 55.98
466987 61.12
468990 59.35
470994 59.25
472998 58.58
475002 59.25
477006 58.30
479010 60.77
481013 60.43
483017 59.20
485021 58.62
487025 59.94
489029 61.64
491032 61.20
493036 59.97
495040 62.94
497044 60.06
499048 60.35
501051 60.34
503055 63.51
505059 61.94
507063 62.07
509067 65.61
511070 62.22
513074 63.54
515078 67.69
517082 64.97
519086 64.26
521089 72.65
523093 66.75
525097 75.67
527101 67.41
529105 66.74
531109 65.44
533112 64.30
535116 66.84
537120 70.55
539124 67.46
541128 67.68
543131 68.41
545135 67.65
547139 67.64
549143 68.24
551147 69.55
553150 68.19
555154 70.40
557158 79.35
559162 70.26
561166 75.81
563169 71.58
565173 70.96
567177 73.34
569181 71.51
571185 71.20
573188 74.88
575192 71.36
577196 73.66
579200 75.71
581204 72.83
583208 73.55
585211 73.20
587215 75.19
589219 78.33
591223 74.15
593227 74.39
595230 73.20
597234 74.86
599238 76.73
601242 75.55
603246 73.67
605249 78.14
607253 78.34
609257 76.37
611261 76.46
613265 77.77
615268 80.71
617272 76.34
619276 79.22
621280 81.85
623284 82.58
625287 78.62
627291 76.34
629295 78.77
631299 83.18
633303 79.02
635307 79.94
637310 80.68
639314 81.52
641318 81.40
643322 80.11
645326 81.68
647329 82.04
649333 81.63
651337 85.81
653341 86.27
655345 90.62
657348 87.87
659352 88.82
661356 84.22
663360 88.03
665364 84.36
667367 84.66
669371 86.07
671375 88.46
673379 88.47
675383 87.91
677386 87.21
679390 88.92
681394 85.59
683398 87.11
685402 89.01
687406 89.11
689409 92.07
691413 87.48
693417 87.20
695421 90.05
697425 87.83
699428 90.31
701432 90.78
703436 95.10
705440 91.20
707444 92.78
709447 92.26
711451 91.76
713455 90.42
715459 94.26
717463 92.01
719466 93.21
721470 98.16
723474 92.74
725478 93.28
727482 95.10
729485 93.97
731489 92.68
733493 94.30
735497 94.90
737501 97.47
739505 92.77
741508 97.29
743512 101.14
745516 99.25
747520 110.72
749524 99.00
751527 96.98
753531 100.93
755535 95.37
757539 99.85
759543 100.09
761546 101.07
763550 97.00
765554 102.43
767558 99.16
769562 101.96
771565 104.54
773569 101.79
775573 101.62
777577 100.86
779581 102.20
781584 101.90
783588 102.87
785592 105.11
787596 109.86
789600 107.46
791604 102.11
793607 110.56
795611 102.64
797615 103.77
799619 105.93
801623 106.46
803626 101.96
805630 104.45
807634 101.56
809638 109.05
811642 107.91
813645 105.52
815649 105.87
817653 107.40
819657 108.83
821661 105.83
823664 103.86
825668 108.26
827672 105.29
829676 103.08
831680 108.08
833683 110.54
835687 113.33
837691 107.06
839695 120.59
841699 110.58
843703 116.98
845706 111.96
847710 113.07
849714 114.35
851718 114.94
853722 113.19
855725 110.07
857729 116.54
859733 109.97
861737 110.50
863741 110.73
865744 115.27
867748 114.76
869752 112.02
871756 115.36
873760 114.23
875763 119.30
877767 118.59
879771 115.53
881775 115.55
883779 118.94
885782 117.49
887786 116.91
889790 116.48
891794 117.29
893798 117.37
895802 116.79
897805 117.04
899809 123.97
901813 116.62
903817 116.65
905821 119.94
907824 119.88
909828 124.92
911832 118.91
913836 122.22
915840 125.69
917843 136.71
919847 118.38
921851 119.52
923855 121.89
925859 121.42
927862 121.58
929866 124.91
931870 122.82
933874 131.93
935878 124.60
937881 122.56
939885 124.93
941889 127.71
943893 123.69
945897 128.47
947901 127.49
949904 130.81
951908 125.59
953912 125.24
955916 127.18
957920 134.91
959923 125.91
961927 128.50
963931 126.55
965935 131.17
967939 132.33
969942 126.45
971946 128.20
973950 128.55
975954 129.56
977958 133.97
979961 131.33
981965 138.30
983969 135.12
985973 131.40
987977 129.68
989980 129.64
991984 129.40
993988 133.50
995992 131.51
997996 131.01
1000000 133.98
