100 0.00
2103 0.09
4107 0.18
6111 0.36
8115 0.43
10119 0.42
12122 0.42
14126 0.58
16130 0.77
18134 1.01
20138 1.05
22141 0.79
24145 0.95
26149 1.13
28153 1.22
30157 1.43
32160 1.12
34164 0.98
36168 1.33
38172 1.44
40176 1.39
42179 2.49
44183 1.24
46187 1.78
48191 1.75
50195 2.04
52198 2.29
54202 2.25
56206 2.37
58210 2.06
60214 2.60
62218 1.59
64221 2.30
66225 1.84
68229 2.24
70233 2.36
72237 1.89
74240 3.21
76244 1.96
78248 3.19
80252 2.13
82256 2.01
84259 2.22
86263 2.41
88267 2.12
90271 2.11
92275 3.58
94278 3.56
96282 3.44
98286 3.55
100290 4.20
102294 4.11
104297 2.97
106301 3.33
108305 2.73
110309 3.60
112313 2.75
114317 2.85
116320 2.62
118324 2.34
120328 2.64
122332 4.53
124336 2.45
126339 2.86
128343 2.47
130347 4.56
132351 3.97
134355 3.09
136358 3.15
138362 3.40
140366 3.02
142370 4.82
144374 3.64
146377 2.58
148381 2.86
150385 3.06
152389 6.25
154393 4.20
156396 3.47
158400 2.92
160404 3.62
162408 2.88
164412 3.18
166416 4.08
168419 3.66
170423 4.43
172427 3.91
174431 4.16
176435 6.08
178438 3.81
180442 3.30
182446 3.96
184450 4.78
186454 3.29
188457 8.55
190461 3.53
192465 3.31
194469 3.69
196473 4.40
198476 4.84
200480 4.14
202484 3.68
204488 4.65
206492 5.81
208495 3.99
210499 4.27
212503 3.70
214507 4.71
216511 4.14
218515 4.18
220518 3.73
222522 3.74
224526 4.70
226530 5.51
228534 3.95
230537 5.01
232541 4.72
234545 5.11
236549 4.08
238553 4.04
240556 5.69
242560 3.95
244564 4.73
246568 4.27
248572 4.33
250575 4.14
252579 5.07
254583 4.89
256587 4.23
258591 4.67
260594 5.36
262598 5.16
264602 4.93
266606 4.72
268610 5.50
270614 4.83
272617 4.60
274621 5.48
276625 4.62
278629 5.73
280633 5.24
282636 5.14
284640 6.25
286644 5.16
288648 6.43
290652 4.65
292655 5.96
294659 4.75
296663 4.81
298667 6.12
300671 5.47
302674 4.97
304678 5.57
306682 5.65
308686 5.30
310690 5.30
312693 5.97
314697 5.13
316701 5.60
318705 5.07
320709 4.96
322713 5.41
324716 5.47
326720 6.39
328724 6.49
330728 7.54
332732 6.16
334735 6.15
336739 5.89
338743 6.13
340747 5.55
342751 6.57
344754 7.12
346758 5.83
348762 5.87
350766 6.31
352770 5.90
354773 5.99
356777 5.93
358781 6.88
360785 6.15
362789 7.40
364792 6.37
366796 5.81
368800 6.38
370804 7.67
372808 6.26
374812 7.69
376815 6.87
378819 5.83
380823 6.19
382827 6.61
384831 7.04
386834 6.30
388838 6.17
390842 7.74
392846 6.16
394850 6.67
396853 6.50
398857 6.85
400861 6.50
402865 6.96
404869 7.56
406872 6.30
408876 6.99
410880 6.96
412884 7.52
414888 7.03
416891 7.26
418895 7.09
420899 8.05
422903 6.67
424907 8.51
426911 8.17
428914 7.12
430918 6.52
432922 6.95
434926 6.94
436930 7.09
438933 8.67
440937 10.01
442941 7.49
444945 7.16
446949 7.80
448952 7.27
450956 7.66
452960 9.07
454964 8.37
456968 7.27
458971 6.92
460975 7.40
462979 7.53
464983 7.72
466987 7.68
468990 8.08
470994 9.03
472998 7.20
475002 8.36
477006 9.54
479010 7.44
481013 8.97
483017 7.96
485021 7.31
487025 8.08
489029 8.18
491032 8.57
493036 8.83
495040 7.37
497044 7.91
499048 8.32
501051 8.34
503055 8.19
505059 8.54
507063 9.24
509067 8.42
511070 9.02
513074 9.40
515078 8.19
517082 9.66
519086 8.55
521089 8.47
523093 8.04
525097 8.70
527101 8.06
529105 8.17
531109 9.77
533112 9.39
535116 9.88
537120 9.19
539124 8.77
541128 9.20
543131 9.47
545135 8.73
547139 8.68
549143 9.53
551147 9.94
553150 8.47
555154 10.23
557158 9.49
559162 9.44
561166 8.85
563169 9.04
565173 9.78
567177 9.70
569181 9.06
571185 13.63
573188 8.72
575192 9.36
577196 8.72
579200 9.07
581204 8.85
583208 9.26
585211 9.72
587215 9.84
589219 10.52
591223 9.35
593227 11.03
595230 9.56
597234 10.18
599238 10.37
601242 9.41
603246 9.05
605249 10.35
607253 10.06
609257 10.43
611261 10.88
613265 10.21
615268 10.08
617272 10.98
619276 9.89
621280 10.58
623284 10.14
625287 9.79
627291 9.81
629295 10.35
631299 10.78
633303 11.72
635307 9.89
637310 10.63
639314 10.65
641318 9.81
643322 11.62
645326 10.46
647329 10.44
649333 10.79
651337 10.30
653341 12.27
655345 9.89
657348 11.53
659352 10.13
661356 9.87
663360 10.21
665364 10.68
667367 11.40
669371 10.91
671375 11.15
673379 10.63
675383 9.86
677386 12.62
679390 12.16
681394 11.16
683398 11.12
685402 13.07
687406 10.77
689409 11.11
691413 11.87
693417 13.58
695421 11.36
697425 14.42
699428 11.27
701432 12.49
703436 11.00
705440 14.74
707444 11.44
709447 12.00
711451 14.94
713455 12.84
715459 12.09
717463 12.20
719466 10.63
721470 11.47
723474 11.90
725478 11.19
727482 11.54
729485 11.45
731489 12.51
733493 11.58
735497 11.22
737501 11.38
739505 10.88
741508 11.21
743512 15.18
745516 11.97
747520 11.70
749524 10.94
751527 10.93
753531 12.32
755535 14.91
757539 13.30
759543 13.71
761546 13.41
763550 12.70
765554 12.43
767558 11.64
769562 13.44
771565 12.09
773569 11.75
775573 12.50
777577 15.95
779581 12.52
781584 11.44
783588 12.68
785592 12.23
787596 13.60
789600 12.06
791604 14.49
793607 12.45
795611 12.79
797615 12.95
799619 13.94
801623 14.36
803626 12.87
805630 14.52
807634 12.72
809638 14.54
811642 13.81
813645 14.63
815649 12.91
817653 13.76
819657 14.01
821661 13.15
823664 12.13
825668 12.75
827672 12.57
829676 13.08
831680 13.46
833683 14.74
835687 12.71
837691 12.98
839695 14.00
841699 14.16
843703 15.46
845706 14.33
847710 14.23
849714 13.77
851718 13.32
853722 15.29
855725 14.79
857729 14.44
859733 13.35
861737 13.94
863741 15.89
865744 13.85
867748 15.72
869752 14.47
871756 17.72
873760 15.53
875763 14.75
877767 13.11
879771 13.73
881775 13.93
883779 14.91
885782 14.39
887786 13.28
889790 14.12
891794 14.00
893798 15.77
895802 13.76
897805 15.45
899809 14.65
901813 14.46
903817 13.86
905821 14.41
907824 15.12
909828 14.29
911832 13.67
913836 14.69
915840 13.42
917843 15.47
919847 14.25
921851 14.64
923855 18.08
925859 13.97
927862 13.76
929866 16.86
931870 14.40
933874 16.11
935878 14.48
937881 15.66
939885 15.23
941889 14.17
943893 14.66
945897 16.28
947901 16.54
949904 15.08
951908 15.63
953912 16.62
955916 14.95
957920 16.69
959923 15.13
961927 14.80
963931 14.78
965935 14.71
967939 15.12
969942 14.73
971946 17.01
973950 15.84
975954 15.18
977958 16.18
979961 15.86
981965 16.08
983969 16.98
985973 14.87
987977 16.27
989980 19.08
991984 14.90
993988 15.33
995992 15.25
997996 15.83
1000000 16.04
