100 0.00
2103 0.17
4107 0.25
6111 0.38
8115 0.52
10119 0.67
12122 0.83
14126 0.97
16130 1.13
18134 1.28
20138 1.44
22141 1.60
24145 1.80
26149 2.01
28153 2.08
30157 2.25
32160 2.42
34164 2.59
36168 2.98
38172 3.00
40176 3.18
42179 3.78
44183 4.17
46187 3.97
48191 3.92
50195 4.17
52198 4.30
54202 4.47
56206 4.66
58210 4.84
60214 5.02
62218 5.21
64221 5.43
66225 6.31
68229 5.85
70233 6.00
72237 6.52
74240 6.84
76244 6.86
78248 7.49
80252 7.09
82256 7.71
84259 7.36
86263 7.87
88267 7.89
90271 8.53
92275 8.56
94278 8.67
96282 8.95
98286 9.32
100290 9.91
102294 10.14
104297 9.76
106301 9.80
108305 9.99
110309 10.16
112313 10.34
114317 11.29
116320 11.89
118324 10.97
120328 11.04
122332 11.88
124336 11.83
126339 12.69
128343 13.63
130347 12.89
132351 13.55
134355 13.47
136358 12.87
138362 13.37
140366 15.22
142370 13.45
144374 14.01
146377 14.17
148381 14.59
150385 16.73
152389 16.46
154393 16.79
156396 16.53
158400 15.02
160404 16.98
162408 15.72
164412 15.77
166416 16.04
168419 16.78
170423 17.34
172427 17.01
174431 16.84
176435 18.28
178438 18.20
180442 17.01
182446 17.95
184450 18.82
186454 18.39
188457 19.42
190461 20.48
192465 20.76
194469 19.80
196473 20.12
198476 23.58
200480 24.09
202484 20.71
204488 20.22
206492 20.36
208495 22.59
210499 22.90
212503 21.00
214507 21.16
216511 25.55
218515 22.33
220518 23.14
222522 23.06
224526 24.07
226530 23.69
228534 23.35
230537 24.24
232541 24.10
234545 25.85
236549 23.24
238553 24.11
240556 27.62
242560 24.74
244564 24.67
246568 28.06
248572 25.65
250575 27.53
252579 28.25
254583 26.05
256587 27.99
258591 28.83
260594 26.45
262598 29.15
264602 30.35
266606 29.84
268610 30.78
270614 30.78
272617 28.41
274621 31.71
276625 29.70
278629 31.75
280633 35.16
282636 29.81
284640 31.51
286644 32.92
288648 31.95
290652 31.97
292655 31.17
294659 33.72
296663 32.88
298667 33.82
300671 33.46
302674 35.28
304678 34.72
306682 34.17
308686 35.51
310690 38.19
312693 41.13
314697 37.27
316701 33.53
318705 35.76
320709 40.58
322713 33.30
324716 39.26
326720 35.30
328724 40.01
330728 37.15
332732 38.44
334735 39.97
336739 38.56
338743 42.72
340747 39.43
342751 41.25
344754 37.19
346758 44.15
348762 38.20
350766 45.90
352770 43.37
354773 41.39
356777 47.12
358781 41.66
360785 40.80
362789 44.00
364792 44.76
366796 43.76
368800 47.60
370804 39.70
372808 47.57
374812 48.01
376815 49.59
378819 46.76
380823 49.15
382827 49.06
384831 49.23
386834 47.83
388838 49.45
390842 52.66
392846 46.77
394850 44.85
396853 46.23
398857 46.36
400861 49.55
402865 50.44
404869 48.31
406872 54.80
408876 51.39
410880 50.72
412884 50.14
414888 50.26
416891 54.66
418895 51.03
420899 48.79
422903 52.35
424907 52.05
426911 56.62
428914 49.34
430918 52.76
432922 54.87
434926 57.64
436930 59.51
438933 50.59
440937 53.62
442941 50.79
444945 57.77
446949 56.04
448952 60.08
450956 55.57
452960 52.95
454964 55.64
456968 59.84
458971 56.54
460975 57.54
462979 61.35
464983 58.70
466987 57.75
468990 56.68
470994 59.55
472998 61.96
475002 55.61
477006 60.06
479010 60.11
481013 59.40
483017 59.56
485021 58.51
487025 68.65
489029 61.74
491032 57.82
493036 61.25
495040 63.57
497044 63.52
499048 63.17
501051 67.45
503055 61.92
505059 70.28
507063 60.92
509067 64.65
511070 67.09
513074 62.79
515078 75.19
517082 68.27
519086 67.79
521089 65.33
523093 66.90
525097 71.04
527101 67.83
529105 69.29
531109 65.28
533112 70.23
535116 66.06
537120 61.79
539124 70.25
541128 67.73
543131 68.77
545135 62.36
547139 72.26
549143 66.01
551147 71.91
553150 65.88
555154 70.07
557158 74.64
559162 70.38
561166 70.47
563169 72.79
565173 66.21
567177 80.34
569181 70.61
571185 71.51
573188 68.05
575192 79.11
577196 68.46
579200 76.05
581204 80.41
583208 77.24
585211 73.23
587215 69.39
589219 78.80
591223 80.74
593227 84.22
595230 76.95
597234 86.14
599238 77.26
601242 80.32
603246 76.00
605249 77.73
607253 84.62
609257 83.08
611261 74.31
613265 80.50
615268 78.94
617272 76.33
619276 77.26
621280 73.95
623284 88.23
625287 76.53
627291 77.82
629295 82.95
631299 79.60
633303 90.95
635307 76.96
637310 82.25
639314 83.41
641318 79.69
643322 80.98
645326 80.43
647329 86.19
649333 82.45
651337 88.21
653341 82.95
655345 81.45
657348 85.11
659352 87.93
661356 79.87
663360 83.11
665364 96.62
667367 86.47
669371 87.35
671375 87.12
673379 88.38
675383 86.54
677386 83.70
679390 98.00
681394 97.82
683398 90.45
685402 89.74
687406 95.37
689409 88.06
691413 85.95
693417 87.61
695421 102.56
697425 90.69
699428 94.18
701432 86.42
703436 93.57
705440 86.38
707444 93.63
709447 90.67
711451 87.02
713455 93.10
715459 99.30
717463 97.51
719466 98.47
721470 96.77
723474 99.65
725478 98.39
727482 98.28
729485 95.06
731489 96.00
733493 97.33
735497 97.02
737501 95.76
739505 103.29
741508 100.54
743512 101.98
745516 105.83
747520 106.94
749524 99.77
751527 100.02
753531 106.99
755535 101.39
757539 108.24
759543 95.17
761546 99.23
763550 93.48
765554 95.64
767558 100.26
769562 103.39
771565 104.32
773569 100.01
775573 103.86
777577 108.92
779581 99.09
781584 108.91
783588 111.86
785592 110.32
787596 102.76
789600 109.12
791604 107.23
793607 105.21
795611 113.94
797615 105.11
799619 98.51
801623 110.98
803626 113.89
805630 111.22
807634 106.85
809638 106.35
811642 106.42
813645 115.84
815649 102.12
817653 112.05
819657 98.48
821661 106.14
823664 102.05
825668 112.46
827672 117.19
829676 100.70
831680 114.32
833683 116.23
835687 114.04
837691 102.99
839695 104.16
841699 117.94
843703 115.13
845706 108.10
847710 113.64
849714 112.46
851718 112.17
853722 118.32
855725 117.98
857729 120.13
859733 107.57
861737 114.31
863741 123.66
865744 112.91
867748 107.85
869752 115.45
871756 120.04
873760 123.28
875763 118.31
877767 117.88
879771 122.16
881775 114.12
883779 122.84
885782 121.72
887786 116.84
889790 119.71
891794 123.39
893798 119.37
895802 116.91
897805 116.01
899809 123.97
901813 129.24
903817 117.04
905821 111.23
907824 117.49
909828 124.85
911832 113.86
913836 124.83
915840 115.96
917843 128.06
919847 125.45
921851 115.84
923855 130.59
925859 121.56
927862 125.82
929866 129.90
931870 123.15
933874 129.15
935878 128.86
937881 127.95
939885 123.27
941889 127.85
943893 128.87
945897 126.82
947901 119.60
949904 135.48
951908 127.29
953912 129.63
955916 128.81
957920 131.07
959923 126.89
961927 125.37
963931 125.02
965935 128.01
967939 138.88
969942 126.55
971946 134.78
973950 125.73
975954 122.65
977958 126.43
979961 128.41
981965 138.22
983969 125.31
985973 136.22
987977 129.63
989980 138.89
991984 134.85
993988 136.29
995992 139.54
997996 136.83
1000000 133.00
