100 0.00
2103 0.09
4107 0.18
6111 0.36
8115 0.46
10119 0.39
12122 0.72
14126 0.79
16130 0.67
18134 1.08
20138 0.76
22141 0.78
24145 1.16
26149 0.88
28153 1.29
30157 1.35
32160 1.44
34164 1.41
36168 1.33
38172 2.07
40176 2.71
42179 1.53
44183 1.66
46187 1.51
48191 1.76
50195 1.59
52198 1.74
54202 1.97
56206 1.94
58210 2.61
60214 1.47
62218 1.81
64221 1.37
66225 1.77
68229 1.74
70233 1.81
72237 2.91
74240 1.74
76244 2.31
78248 2.67
80252 2.29
82256 1.73
84259 3.72
86263 2.45
88267 2.21
90271 2.10
92275 2.23
94278 1.89
96282 2.19
98286 3.00
100290 3.42
102294 3.03
104297 3.89
106301 3.48
108305 2.14
110309 3.62
112313 2.70
114317 4.42
116320 2.79
118324 3.65
120328 3.04
122332 2.49
124336 2.89
126339 4.58
128343 2.62
130347 2.62
132351 3.25
134355 4.02
136358 2.66
138362 3.66
140366 3.73
142370 2.78
144374 2.85
146377 3.69
148381 2.73
150385 3.23
152389 3.83
154393 3.91
156396 4.08
158400 3.15
160404 4.68
162408 4.22
164412 4.02
166416 2.75
168419 3.41
170423 5.02
172427 5.83
174431 4.99
176435 6.52
178438 3.34
180442 4.00
182446 4.34
184450 3.17
186454 3.98
188457 3.47
190461 5.35
192465 3.85
194469 3.53
196473 4.85
198476 3.20
200480 5.05
202484 3.48
204488 5.73
206492 4.77
208495 4.75
210499 4.65
212503 4.24
214507 3.78
216511 3.70
218515 4.04
220518 4.10
222522 5.63
224526 3.64
226530 4.71
228534 5.21
230537 3.64
232541 5.47
234545 4.35
236549 4.01
238553 4.17
240556 4.71
242560 5.38
244564 4.34
246568 4.85
248572 4.63
250575 4.22
252579 4.41
254583 5.73
256587 5.92
258591 4.84
260594 4.22
262598 4.49
264602 3.98
266606 4.62
268610 4.33
270614 5.29
272617 4.54
274621 5.27
276625 5.33
278629 5.14
280633 5.12
282636 4.37
284640 4.53
286644 4.95
288648 4.50
290652 5.28
292655 5.14
294659 5.07
296663 5.86
298667 4.83
300671 6.25
302674 5.22
304678 6.02
306682 5.01
308686 6.16
310690 6.09
312693 5.84
314697 6.40
316701 5.46
318705 5.77
320709 4.79
322713 6.26
324716 5.92
326720 5.73
328724 5.43
330728 6.23
332732 5.24
334735 6.13
336739 5.98
338743 6.11
340747 5.69
342751 6.25
344754 6.10
346758 7.61
348762 5.66
350766 5.81
352770 6.12
354773 5.89
356777 5.54
358781 6.09
360785 6.76
362789 6.22
364792 6.40
366796 6.23
368800 6.11
370804 5.94
372808 5.79
374812 7.37
376815 5.84
378819 6.29
380823 6.19
382827 6.05
384831 7.50
386834 6.11
388838 6.57
390842 6.88
392846 6.27
394850 7.20
396853 8.04
398857 6.31
400861 7.10
402865 6.23
404869 7.04
406872 6.94
408876 6.04
410880 7.98
412884 6.56
414888 6.38
416891 6.73
418895 7.63
420899 7.18
422903 7.07
424907 7.35
426911 7.36
428914 8.40
430918 6.84
432922 7.29
434926 7.06
436930 6.99
438933 7.23
440937 7.70
442941 7.12
444945 7.68
446949 6.77
448952 7.97
450956 7.47
452960 8.37
454964 7.90
456968 7.26
458971 8.40
460975 7.00
462979 7.13
464983 7.60
466987 8.67
468990 8.01
470994 7.88
472998 9.08
475002 7.24
477006 8.32
479010 7.48
481013 8.22
483017 8.24
485021 8.32
487025 8.57
489029 8.37
491032 8.47
493036 7.92
495040 9.04
497044 7.97
499048 8.52
501051 7.91
503055 8.60
505059 7.93
507063 9.47
509067 8.15
511070 7.65
513074 7.90
515078 8.56
517082 8.36
519086 7.87
521089 8.30
523093 9.56
525097 8.17
527101 11.37
529105 8.95
531109 8.75
533112 10.07
535116 8.41
537120 8.25
539124 10.40
541128 8.89
543131 10.22
545135 8.95
547139 9.08
549143 8.28
551147 9.15
553150 8.29
555154 10.10
557158 8.72
559162 9.77
561166 8.85
563169 10.21
565173 8.93
567177 9.12
569181 8.19
571185 9.39
573188 10.67
575192 8.79
577196 9.15
579200 10.68
581204 9.94
583208 9.20
585211 8.87
587215 9.67
589219 9.53
591223 11.62
593227 10.83
595230 9.85
597234 9.40
599238 9.56
601242 9.64
603246 8.90
605249 9.38
607253 9.46
609257 10.24
611261 9.48
613265 9.68
615268 9.76
617272 9.96
619276 11.10
621280 13.31
623284 9.42
625287 10.27
627291 9.58
629295 10.93
631299 9.75
633303 11.02
635307 10.36
637310 9.56
639314 10.97
641318 10.18
643322 10.05
645326 10.67
647329 10.39
649333 9.96
651337 10.44
653341 12.17
655345 11.69
657348 11.07
659352 10.58
661356 9.66
663360 10.65
665364 11.06
667367 11.10
669371 11.09
671375 11.58
673379 11.23
675383 10.56
677386 10.71
679390 10.20
681394 11.18
683398 10.46
685402 10.23
687406 11.35
689409 12.54
691413 11.03
693417 11.33
695421 10.53
697425 11.76
699428 12.04
701432 11.13
703436 11.43
705440 13.08
707444 11.64
709447 10.90
711451 10.88
713455 10.85
715459 10.70
717463 10.66
719466 11.57
721470 11.37
723474 13.21
725478 11.75
727482 11.22
729485 12.49
731489 11.81
733493 11.73
735497 11.41
737501 11.50
739505 12.78
741508 11.41
743512 12.20
745516 12.47
747520 11.25
749524 11.65
751527 11.03
753531 11.96
755535 12.15
757539 11.21
759543 12.29
761546 10.97
763550 12.77
765554 12.58
767558 11.65
769562 10.94
771565 12.25
773569 12.81
775573 14.19
777577 12.48
779581 11.93
781584 13.56
783588 14.75
785592 11.63
787596 11.81
789600 12.96
791604 12.03
793607 13.04
795611 12.72
797615 12.60
799619 12.83
801623 11.85
803626 13.06
805630 13.63
807634 13.42
809638 12.94
811642 13.37
813645 12.94
815649 14.24
817653 13.16
819657 12.62
821661 12.43
823664 13.58
825668 12.92
827672 12.74
829676 13.10
831680 12.30
833683 14.53
835687 13.29
837691 13.73
839695 12.65
841699 13.57
843703 13.09
845706 14.94
847710 14.41
849714 13.22
851718 13.58
853722 13.23
855725 12.69
857729 14.26
859733 13.28
861737 13.67
863741 13.34
865744 12.84
867748 13.95
869752 13.29
871756 12.99
873760 13.37
875763 13.00
877767 15.22
879771 12.69
881775 13.35
883779 16.09
885782 12.97
887786 12.81
889790 14.52
891794 15.95
893798 14.67
895802 13.93
897805 15.14
899809 13.42
901813 14.28
903817 13.57
905821 13.56
907824 13.86
909828 14.13
911832 14.77
913836 14.17
915840 14.21
917843 15.28
919847 15.45
921851 16.86
923855 15.12
925859 14.63
927862 13.80
929866 13.72
931870 14.16
933874 14.49
935878 14.72
937881 16.09
939885 14.77
941889 14.48
943893 14.87
945897 13.84
947901 14.45
949904 14.70
951908 14.39
953912 14.98
955916 15.21
957920 14.87
959923 14.51
961927 15.77
963931 16.57
965935 15.27
967939 14.90
969942 15.11
971946 14.79
973950 15.52
975954 14.31
977958 16.83
979961 15.57
981965 14.57
983969 14.81
985973 15.03
987977 15.52
989980 15.09
991984 15.12
993988 16.29
995992 16.52
997996 15.76
1000000 15.19
