100 0.00
2103 0.12
4107 0.26
6111 0.40
8115 0.55
10119 0.70
12122 0.86
14126 1.03
16130 1.18
18134 1.42
20138 1.59
22141 1.75
24145 1.89
26149 2.09
28153 2.49
30157 2.49
32160 3.32
34164 2.89
36168 3.22
38172 5.78
40176 4.89
42179 3.62
44183 3.80
46187 4.02
48191 4.32
50195 4.47
52198 5.00
54202 4.97
56206 5.04
58210 5.36
60214 6.47
62218 7.94
64221 5.82
66225 6.04
68229 6.25
70233 6.70
72237 7.84
74240 7.21
76244 7.21
78248 7.86
80252 7.70
82256 7.72
84259 8.56
86263 8.17
88267 9.65
90271 9.15
92275 8.89
94278 9.62
96282 9.59
98286 9.51
100290 9.82
102294 10.91
104297 10.48
106301 11.54
108305 10.86
110309 11.32
112313 11.33
114317 12.20
116320 11.53
118324 12.67
120328 14.72
122332 13.56
124336 12.40
126339 13.23
128343 14.63
130347 13.36
132351 15.75
134355 14.96
136358 17.32
138362 14.50
140366 17.23
142370 14.93
144374 15.32
146377 16.25
148381 16.30
150385 16.05
152389 18.95
154393 17.86
156396 16.10
158400 16.95
160404 17.49
162408 17.66
164412 17.94
166416 20.76
168419 20.54
170423 17.92
172427 20.62
174431 20.58
176435 19.96
178438 19.88
180442 21.74
182446 19.15
184450 19.96
186454 23.10
188457 20.83
190461 20.87
192465 22.06
194469 22.38
196473 21.15
198476 21.68
200480 21.36
202484 22.90
204488 21.69
206492 23.60
208495 22.30
210499 24.05
212503 23.38
214507 24.37
216511 24.62
218515 26.89
220518 24.23
222522 24.63
224526 24.31
226530 26.46
228534 25.06
230537 25.80
232541 27.12
234545 26.96
236549 26.28
238553 25.74
240556 28.93
242560 27.04
244564 30.10
246568 29.82
248572 28.34
250575 29.25
252579 28.47
254583 30.66
256587 29.27
258591 31.10
260594 29.70
262598 30.96
264602 31.96
266606 30.14
268610 31.79
270614 34.53
272617 32.19
274621 30.93
276625 34.94
278629 33.90
280633 32.92
282636 36.44
284640 35.48
286644 36.48
288648 35.69
290652 35.40
292655 34.96
294659 35.18
296663 37.14
298667 35.56
300671 35.89
302674 36.65
304678 36.45
306682 34.85
308686 39.31
310690 39.67
312693 41.14
314697 37.63
316701 39.39
318705 42.87
320709 41.59
322713 39.39
324716 40.09
326720 41.39
328724 41.70
330728 40.01
332732 37.87
334735 42.00
336739 43.77
338743 42.81
340747 42.44
342751 43.45
344754 42.92
346758 45.38
348762 43.99
350766 45.85
352770 43.34
354773 45.51
356777 43.45
358781 48.38
360785 51.30
362789 48.00
364792 47.05
366796 46.94
368800 46.25
370804 45.20
372808 50.89
374812 47.20
376815 50.22
378819 55.00
380823 50.21
382827 49.61
384831 51.54
386834 49.86
388838 51.62
390842 50.53
392846 49.88
394850 53.77
396853 52.25
398857 52.78
400861 51.65
402865 53.81
404869 55.46
406872 52.30
408876 60.03
410880 58.50
412884 55.18
414888 58.47
416891 58.42
418895 53.56
420899 58.41
422903 55.11
424907 53.41
426911 59.01
428914 60.60
430918 57.23
432922 56.67
434926 58.18
436930 60.88
438933 57.06
440937 58.38
442941 59.40
444945 56.03
446949 62.11
448952 58.24
450956 59.85
452960 62.75
454964 57.09
456968 62.33
458971 62.55
460975 63.39
462979 62.96
464983 61.69
466987 64.23
468990 61.73
470994 62.97
472998 67.78
475002 62.32
477006 69.07
479010 62.69
481013 65.19
483017 62.75
485021 66.18
487025 63.16
489029 66.24
491032 65.54
493036 62.22
495040 70.21
497044 68.68
499048 66.77
501051 68.29
503055 68.63
505059 65.47
507063 69.61
509067 70.05
511070 68.50
513074 72.89
515078 68.62
517082 71.28
519086 72.64
521089 74.55
523093 67.50
525097 71.11
527101 73.56
529105 72.05
531109 70.26
533112 71.02
535116 75.35
537120 71.08
539124 71.29
541128 78.45
543131 70.84
545135 70.24
547139 74.45
549143 77.06
551147 75.21
553150 74.78
555154 77.26
557158 81.19
559162 78.73
561166 76.89
563169 78.91
565173 78.42
567177 80.00
569181 77.22
571185 77.50
573188 83.57
575192 82.89
577196 79.62
579200 79.59
581204 76.21
583208 82.57
585211 85.32
587215 84.60
589219 81.43
591223 75.37
593227 82.57
595230 82.06
597234 81.29
599238 83.25
601242 84.88
603246 83.20
605249 83.63
607253 80.36
609257 80.04
611261 83.43
613265 79.43
615268 91.79
617272 82.94
619276 87.23
621280 89.51
623284 78.93
625287 84.67
627291 82.35
629295 92.70
631299 93.86
633303 90.18
635307 81.69
637310 89.20
639314 89.05
641318 93.89
643322 92.69
645326 93.56
647329 92.81
649333 90.25
651337 88.32
653341 90.97
655345 91.26
657348 94.38
659352 86.73
661356 92.84
663360 92.87
665364 94.68
667367 92.54
669371 94.62
671375 94.98
673379 92.37
675383 95.42
677386 85.48
679390 93.93
681394 97.93
683398 90.40
685402 106.16
687406 96.56
689409 93.30
691413 93.65
693417 96.27
695421 99.28
697425 99.13
699428 98.01
701432 91.69
703436 98.85
705440 93.39
707444 98.75
709447 92.79
711451 105.89
713455 105.36
715459 97.21
717463 102.55
719466 104.75
721470 107.94
723474 101.45
725478 97.61
727482 106.10
729485 98.72
731489 106.77
733493 102.43
735497 100.24
737501 103.04
739505 100.76
741508 105.64
743512 97.25
745516 97.91
747520 112.42
749524 106.81
751527 103.43
753531 114.68
755535 104.67
757539 107.36
759543 110.99
761546 107.80
763550 105.86
765554 106.14
767558 103.33
769562 105.79
771565 106.57
773569 101.53
775573 105.59
777577 116.00
779581 111.49
781584 104.31
783588 108.49
785592 112.01
787596 106.92
789600 109.69
791604 111.91
793607 112.20
795611 118.04
797615 115.83
799619 109.97
801623 115.57
803626 121.79
805630 119.25
807634 118.92
809638 112.46
811642 107.23
813645 124.35
815649 113.92
817653 124.35
819657 111.40
821661 112.46
823664 111.96
825668 117.31
827672 114.72
829676 120.67
831680 128.20
833683 121.72
835687 110.22
837691 114.26
839695 121.89
841699 119.26
843703 123.03
845706 125.73
847710 120.23
849714 115.91
851718 131.22
853722 115.14
855725 112.91
857729 120.21
859733 123.60
861737 117.46
863741 130.98
865744 119.85
867748 127.49
869752 122.70
871756 128.20
873760 116.82
875763 118.73
877767 129.52
879771 132.65
881775 126.45
883779 121.75
885782 119.83
887786 120.33
889790 128.41
891794 122.16
893798 135.10
895802 132.82
897805 132.62
899809 133.12
901813 126.74
903817 132.76
905821 132.82
907824 133.86
909828 128.01
911832 130.81
913836 124.63
915840 127.22
917843 133.32
919847 138.98
921851 127.15
923855 138.83
925859 127.17
927862 135.16
929866 126.07
931870 140.93
933874 141.56
935878 127.06
937881 130.66
939885 127.48
941889 132.71
943893 131.06
945897 129.68
947901 126.53
949904 128.21
951908 138.87
953912 138.33
955916 137.86
957920 146.71
959923 144.05
961927 142.91
963931 129.79
965935 134.64
967939 149.23
969942 141.11
971946 144.01
973950 139.52
975954 133.05
977958 136.33
979961 135.91
981965 147.90
983969 150.76
985973 133.11
987977 150.29
989980 141.22
991984 134.06
993988 139.75
995992 144.09
997996 154.71
1000000 144.36
