100 0.00
2103 0.08
4107 0.18
6111 0.69
8115 0.37
10119 0.37
12122 0.70
14126 0.58
16130 0.69
18134 0.81
20138 1.05
22141 1.22
24145 1.04
26149 0.96
28153 1.07
30157 1.64
32160 2.10
34164 1.11
36168 1.50
38172 2.45
40176 1.41
42179 2.01
44183 1.58
46187 1.17
48191 1.34
50195 1.30
52198 1.40
54202 1.98
56206 2.24
58210 2.12
60214 2.16
62218 1.65
64221 2.32
66225 1.60
68229 2.74
70233 1.48
72237 1.43
74240 3.09
76244 1.71
78248 2.59
80252 2.27
82256 3.06
84259 2.90
86263 2.44
88267 1.83
90271 2.58
92275 2.78
94278 1.88
96282 4.28
98286 3.38
100290 2.78
102294 3.06
104297 3.28
106301 3.43
108305 3.62
110309 3.06
112313 3.57
114317 2.77
116320 2.73
118324 2.48
120328 3.43
122332 2.82
124336 3.61
126339 3.30
128343 3.01
130347 3.02
132351 3.44
134355 2.97
136358 4.09
138362 2.60
140366 2.47
142370 3.59
144374 4.02
146377 3.07
148381 2.75
150385 3.29
152389 2.68
154393 2.96
156396 4.79
158400 3.92
160404 3.75
162408 4.57
164412 4.28
166416 3.28
168419 3.60
170423 4.09
172427 3.52
174431 3.30
176435 3.71
178438 7.53
180442 4.05
182446 3.25
184450 3.18
186454 3.45
188457 3.75
190461 5.08
192465 4.44
194469 4.67
196473 5.08
198476 9.14
200480 5.13
202484 4.54
204488 6.15
206492 3.93
208495 5.05
210499 4.85
212503 4.45
214507 6.49
216511 5.25
218515 5.19
220518 4.04
222522 4.92
224526 4.25
226530 3.75
228534 5.15
230537 4.95
232541 4.57
234545 3.89
236549 4.65
238553 5.95
240556 4.85
242560 4.34
244564 4.76
246568 4.16
248572 5.14
250575 4.25
252579 5.28
254583 4.51
256587 5.18
258591 4.79
260594 4.65
262598 4.21
264602 5.35
266606 4.29
268610 5.65
270614 5.02
272617 5.09
274621 5.62
276625 4.62
278629 5.24
280633 5.61
282636 5.35
284640 5.01
286644 5.04
288648 5.36
290652 6.06
292655 5.43
294659 5.65
296663 5.69
298667 5.23
300671 5.78
302674 5.15
304678 6.09
306682 5.28
308686 6.94
310690 5.83
312693 5.29
314697 5.34
316701 6.03
318705 5.69
320709 6.49
322713 5.10
324716 5.86
326720 6.85
328724 5.65
330728 6.59
332732 5.53
334735 5.68
336739 5.57
338743 6.44
340747 5.69
342751 5.99
344754 6.60
346758 8.94
348762 5.64
350766 5.89
352770 6.18
354773 5.71
356777 5.82
358781 8.07
360785 6.06
362789 6.21
364792 7.38
366796 8.78
368800 6.01
370804 5.72
372808 7.15
374812 8.82
376815 6.17
378819 7.00
380823 6.05
382827 6.73
384831 6.92
386834 7.31
388838 6.84
390842 6.25
392846 7.89
394850 6.82
396853 8.32
398857 6.17
400861 6.61
402865 6.87
404869 7.25
406872 6.55
408876 6.71
410880 6.81
412884 7.17
414888 6.87
416891 8.04
418895 8.08
420899 6.60
422903 7.47
424907 7.64
426911 9.00
428914 6.82
430918 7.38
432922 6.80
434926 7.07
436930 9.65
438933 7.33
440937 8.52
442941 7.32
444945 7.84
446949 10.36
448952 7.18
450956 7.01
452960 7.72
454964 7.85
456968 8.04
458971 7.51
460975 7.30
462979 8.19
464983 7.53
466987 7.23
468990 7.62
470994 7.53
472998 7.18
475002 8.34
477006 8.78
479010 8.70
481013 8.73
483017 7.73
485021 8.67
487025 9.06
489029 8.68
491032 9.33
493036 8.38
495040 8.28
497044 7.84
499048 8.17
501051 8.67
503055 9.66
505059 9.25
507063 9.71
509067 9.56
511070 7.90
513074 9.54
515078 8.61
517082 8.88
519086 8.09
521089 10.23
523093 8.63
525097 8.65
527101 8.47
529105 9.49
531109 9.00
533112 9.19
535116 9.03
537120 8.44
539124 8.31
541128 11.38
543131 8.73
545135 9.38
547139 8.19
549143 10.78
551147 8.87
553150 9.78
555154 8.87
557158 13.45
559162 8.61
561166 9.19
563169 9.05
565173 8.97
567177 9.01
569181 10.75
571185 8.87
573188 9.38
575192 9.52
577196 8.42
579200 9.28
581204 8.52
583208 10.00
585211 9.40
587215 10.32
589219 8.73
591223 9.49
593227 9.61
595230 9.78
597234 11.12
599238 9.11
601242 9.54
603246 10.52
605249 10.37
607253 9.51
609257 9.90
611261 8.90
613265 13.63
615268 10.62
617272 10.11
619276 10.71
621280 9.87
623284 10.64
625287 10.82
627291 10.19
629295 9.83
631299 11.68
633303 9.82
635307 10.81
637310 13.30
639314 10.14
641318 10.02
643322 10.27
645326 9.87
647329 10.59
649333 9.98
651337 10.50
653341 11.43
655345 12.25
657348 12.27
659352 10.68
661356 10.76
663360 10.69
665364 12.70
667367 10.86
669371 10.11
671375 10.20
673379 11.02
675383 10.71
677386 10.51
679390 10.79
681394 11.24
683398 10.24
685402 12.87
687406 13.22
689409 10.38
691413 10.41
693417 11.99
695421 10.79
697425 12.35
699428 10.78
701432 10.55
703436 12.23
705440 10.84
707444 11.55
709447 13.61
711451 12.28
713455 12.69
715459 11.03
717463 10.57
719466 11.65
721470 13.33
723474 10.90
725478 11.81
727482 11.65
729485 11.24
731489 13.61
733493 11.36
735497 10.74
737501 12.90
739505 11.60
741508 11.70
743512 12.81
745516 12.51
747520 13.12
749524 10.73
751527 11.55
753531 11.96
755535 13.23
757539 12.92
759543 11.87
761546 12.28
763550 12.01
765554 12.59
767558 13.04
769562 11.85
771565 11.94
773569 12.57
775573 13.01
777577 12.15
779581 12.83
781584 12.09
783588 12.99
785592 12.22
787596 18.06
789600 13.19
791604 13.02
793607 11.79
795611 12.36
797615 12.99
799619 13.36
801623 11.94
803626 12.72
805630 13.46
807634 15.00
809638 12.76
811642 13.57
813645 13.66
815649 13.75
817653 13.37
819657 12.22
821661 13.42
823664 14.37
825668 12.54
827672 14.32
829676 13.63
831680 12.65
833683 14.17
835687 12.92
837691 12.96
839695 14.03
841699 14.00
843703 13.01
845706 12.54
847710 13.05
849714 13.67
851718 15.02
853722 13.32
855725 12.78
857729 13.91
859733 13.16
861737 15.83
863741 13.46
865744 15.43
867748 13.40
869752 14.06
871756 13.38
873760 14.22
875763 13.73
877767 14.59
879771 15.57
881775 14.80
883779 14.07
885782 15.27
887786 15.91
889790 13.32
891794 14.80
893798 14.14
895802 17.53
897805 13.37
899809 13.51
901813 14.97
903817 15.16
905821 14.09
907824 13.94
909828 16.27
911832 14.42
913836 15.70
915840 15.60
917843 15.44
919847 14.94
921851 16.82
923855 16.36
925859 14.00
927862 14.10
929866 14.28
931870 15.23
933874 15.51
935878 14.89
937881 14.76
939885 17.57
941889 13.93
943893 15.26
945897 17.14
947901 15.05
949904 17.26
951908 14.85
953912 14.80
955916 15.42
957920 15.48
959923 16.09
961927 15.45
963931 16.56
965935 16.05
967939 14.17
969942 15.37
971946 14.72
973950 15.01
975954 15.90
977958 14.77
979961 15.00
981965 15.62
983969 14.28
985973 17.06
987977 15.45
989980 16.04
991984 15.59
993988 15.02
995992 17.43
997996 17.76
1000000 16.85
