100 0.02
2103 0.11
4107 0.27
6111 0.35
8115 0.47
10119 0.73
12122 0.73
14126 0.86
16130 1.04
18134 1.33
20138 1.24
22141 1.38
24145 1.72
26149 1.75
28153 2.06
30157 2.04
32160 2.16
34164 2.31
36168 2.55
38172 2.61
40176 2.77
42179 2.98
44183 3.04
46187 3.19
48191 3.33
50195 3.66
52198 3.60
54202 3.78
56206 4.03
58210 4.34
60214 4.31
62218 4.59
64221 4.66
66225 5.00
68229 4.92
70233 5.14
72237 5.03
74240 6.01
76244 5.75
78248 5.76
80252 5.87
82256 6.40
84259 6.19
86263 6.50
88267 6.47
90271 6.83
92275 7.12
94278 7.26
96282 7.79
98286 6.88
100290 7.60
102294 7.25
104297 7.62
106301 7.72
108305 8.13
110309 7.85
112313 7.99
114317 8.41
116320 8.95
118324 8.98
120328 9.00
122332 8.78
124336 9.15
126339 9.39
128343 9.11
130347 9.65
132351 9.87
134355 9.78
136358 10.06
138362 10.24
140366 10.42
142370 11.09
144374 10.54
146377 11.35
148381 11.13
150385 11.13
152389 11.30
154393 11.41
156396 11.66
158400 12.10
160404 12.05
162408 12.05
164412 12.13
166416 12.25
168419 12.66
170423 12.29
172427 13.29
174431 12.53
176435 13.23
178438 13.39
180442 13.85
182446 13.57
184450 14.42
186454 14.12
188457 16.82
190461 13.95
192465 13.91
194469 14.34
196473 13.95
198476 14.59
200480 14.46
202484 14.56
204488 14.46
206492 15.63
208495 15.66
210499 15.78
212503 15.37
214507 16.02
216511 15.97
218515 15.85
220518 15.72
222522 16.22
224526 16.66
226530 16.65
228534 16.37
230537 17.68
232541 16.93
234545 17.98
236549 19.50
238553 17.48
240556 17.19
242560 18.29
244564 17.74
246568 18.75
248572 18.34
250575 18.64
252579 18.68
254583 18.33
256587 18.93
258591 19.47
260594 19.59
262598 21.83
264602 19.98
266606 20.13
268610 21.03
270614 21.59
272617 21.20
274621 21.14
276625 21.03
278629 23.02
280633 22.82
282636 26.15
284640 21.32
286644 22.12
288648 22.11
290652 21.21
292655 21.11
294659 23.51
296663 22.29
298667 21.79
300671 22.07
302674 22.59
304678 23.18
306682 22.96
308686 22.66
310690 23.77
312693 23.74
314697 23.28
316701 24.07
318705 24.00
320709 24.23
322713 24.05
324716 24.15
326720 25.34
328724 26.46
330728 25.10
332732 24.73
334735 25.20
336739 26.10
338743 25.14
340747 25.69
342751 25.58
344754 26.81
346758 26.74
348762 26.00
350766 26.33
352770 29.02
354773 26.39
356777 26.89
358781 27.11
360785 29.18
362789 27.10
364792 28.27
366796 27.93
368800 30.08
370804 28.67
372808 30.22
374812 30.38
376815 27.80
378819 28.94
380823 27.58
382827 28.91
384831 28.43
386834 29.09
388838 28.47
390842 28.50
392846 28.84
394850 30.07
396853 29.73
398857 30.04
400861 29.38
402865 29.94
404869 30.21
406872 30.10
408876 29.88
410880 33.80
412884 30.74
414888 31.05
416891 31.30
418895 31.89
420899 32.17
422903 31.74
424907 31.05
426911 32.23
428914 31.74
430918 32.45
432922 32.40
434926 32.72
436930 33.04
438933 32.67
440937 32.01
442941 35.77
444945 34.72
446949 33.34
448952 33.65
450956 34.13
452960 34.14
454964 34.59
456968 34.05
458971 37.39
460975 34.13
462979 37.58
464983 35.09
466987 40.36
468990 34.67
470994 35.33
472998 34.26
475002 34.75
477006 35.10
479010 35.82
481013 35.24
483017 36.78
485021 35.09
487025 37.21
489029 35.99
491032 36.39
493036 37.13
495040 37.00
497044 36.73
499048 35.92
501051 38.23
503055 37.65
505059 37.06
507063 36.98
509067 38.08
511070 38.34
513074 38.80
515078 41.83
517082 39.25
519086 37.23
521089 40.59
523093 38.26
525097 40.85
527101 39.34
529105 39.59
531109 40.08
533112 41.04
535116 40.44
537120 42.41
539124 40.12
541128 42.27
543131 41.58
545135 41.76
547139 41.21
549143 42.78
551147 42.49
553150 43.47
555154 42.04
557158 47.97
559162 44.19
561166 50.52
563169 42.77
565173 42.93
567177 43.52
569181 42.31
571185 43.41
573188 43.76
575192 43.46
577196 43.26
579200 45.74
581204 42.54
583208 44.04
585211 43.55
587215 43.77
589219 43.11
591223 45.33
593227 44.58
595230 46.53
597234 45.70
599238 45.21
601242 45.75
603246 44.95
605249 46.35
607253 47.23
609257 45.95
611261 46.09
613265 45.40
615268 46.53
617272 46.34
619276 48.40
621280 47.17
623284 49.08
625287 48.14
627291 47.83
629295 47.97
631299 51.85
633303 47.31
635307 48.43
637310 47.95
639314 51.28
641318 48.98
643322 50.04
645326 49.22
647329 52.73
649333 50.38
651337 53.96
653341 52.99
655345 49.89
657348 50.81
659352 49.43
661356 49.35
663360 49.55
665364 50.89
667367 50.99
669371 50.15
671375 49.71
673379 52.58
675383 51.39
677386 51.73
679390 51.36
681394 51.72
683398 51.83
685402 50.96
687406 51.81
689409 57.82
691413 52.50
693417 52.63
695421 53.34
697425 53.78
699428 55.55
701432 52.99
703436 52.29
705440 56.24
707444 52.86
709447 53.84
711451 53.25
713455 54.09
715459 54.32
717463 56.24
719466 55.38
721470 58.63
723474 57.37
725478 56.41
727482 56.54
729485 58.33
731489 57.59
733493 57.28
735497 58.66
737501 60.42
739505 58.41
741508 60.31
743512 59.76
745516 66.04
747520 73.40
749524 55.94
751527 55.98
753531 56.52
755535 58.03
757539 57.28
759543 57.72
761546 56.91
763550 58.17
765554 57.52
767558 58.55
769562 59.20
771565 60.60
773569 59.78
775573 59.02
777577 59.56
779581 60.36
781584 60.47
783588 60.95
785592 60.00
787596 62.11
789600 62.45
791604 62.18
793607 66.79
795611 60.19
797615 59.79
799619 62.56
801623 60.63
803626 63.42
805630 61.85
807634 62.35
809638 60.81
811642 62.22
813645 62.85
815649 64.31
817653 63.69
819657 67.10
821661 66.46
823664 64.36
825668 64.42
827672 66.17
829676 64.26
831680 67.67
833683 64.47
835687 71.56
837691 68.87
839695 77.90
841699 65.06
843703 62.98
845706 64.44
847710 63.66
849714 63.98
851718 66.21
853722 66.24
855725 64.63
857729 69.29
859733 65.12
861737 67.43
863741 65.52
865744 67.55
867748 67.64
869752 68.40
871756 68.49
873760 68.97
875763 68.25
877767 70.01
879771 68.45
881775 70.08
883779 71.35
885782 72.04
887786 68.82
889790 69.70
891794 70.05
893798 70.79
895802 69.38
897805 70.88
899809 69.02
901813 71.65
903817 71.34
905821 71.28
907824 70.44
909828 75.68
911832 70.74
913836 72.65
915840 73.70
917843 77.42
919847 73.24
921851 73.11
923855 73.07
925859 76.67
927862 74.69
929866 76.41
931870 77.73
933874 70.40
935878 71.58
937881 74.62
939885 72.07
941889 75.67
943893 73.93
945897 73.06
947901 71.64
949904 72.19
951908 74.26
953912 74.79
955916 77.51
957920 75.14
959923 75.36
961927 75.47
963931 73.72
965935 73.87
967939 80.03
969942 75.63
971946 75.90
973950 76.07
975954 76.53
977958 78.26
979961 76.14
981965 75.02
983969 81.91
985973 77.29
987977 76.91
989980 76.21
991984 79.37
993988 79.10
995992 77.95
997996 76.24
1000000 83.18
