100 0.00
2103 0.15
4107 0.35
6111 0.54
8115 0.74
10119 0.96
12122 1.16
14126 1.41
16130 1.74
18134 1.91
20138 2.21
22141 2.49
24145 2.95
26149 3.17
28153 3.81
30157 4.05
32160 4.15
34164 4.34
36168 4.71
38172 5.23
40176 5.20
42179 5.48
44183 5.74
46187 5.58
48191 5.66
50195 5.81
52198 6.42
54202 6.83
56206 7.47
58210 8.81
60214 8.64
62218 8.27
64221 8.58
66225 8.30
68229 9.48
70233 10.45
72237 8.96
74240 10.12
76244 9.44
78248 10.45
80252 10.97
82256 11.76
84259 11.37
86263 11.29
88267 12.73
90271 12.31
92275 12.46
94278 13.23
96282 13.68
98286 14.18
100290 13.30
102294 13.35
104297 13.87
106301 13.68
108305 14.22
110309 15.05
112313 15.11
114317 16.59
116320 14.84
118324 15.98
120328 16.75
122332 16.95
124336 16.82
126339 17.82
128343 17.64
130347 17.74
132351 18.10
134355 19.45
136358 17.61
138362 19.46
140366 17.71
142370 18.48
144374 20.01
146377 21.06
148381 19.26
150385 22.09
152389 20.69
154393 21.12
156396 21.76
158400 23.20
160404 22.45
162408 22.79
164412 21.97
166416 22.48
168419 24.60
170423 23.50
172427 23.19
174431 23.06
176435 24.12
178438 27.55
180442 26.39
182446 25.96
184450 25.81
186454 25.93
188457 30.51
190461 26.98
192465 27.02
194469 30.14
196473 30.98
198476 28.23
200480 27.65
202484 29.90
204488 29.76
206492 28.45
208495 28.77
210499 30.47
212503 32.65
214507 31.13
216511 29.41
218515 30.31
220518 33.31
222522 31.67
224526 31.67
226530 32.82
228534 31.78
230537 32.04
232541 33.03
234545 33.40
236549 35.99
238553 34.45
240556 34.61
242560 35.50
244564 36.38
246568 35.54
248572 35.30
250575 36.67
252579 36.72
254583 35.09
256587 36.25
258591 37.35
260594 39.99
262598 41.61
264602 39.50
266606 37.21
268610 38.33
270614 38.37
272617 39.45
274621 39.03
276625 39.41
278629 43.38
280633 40.41
282636 43.86
284640 41.77
286644 41.41
288648 40.35
290652 42.69
292655 42.25
294659 45.13
296663 45.10
298667 42.03
300671 42.82
302674 45.04
304678 42.34
306682 45.02
308686 44.33
310690 45.42
312693 43.65
314697 48.84
316701 45.03
318705 46.87
320709 46.95
322713 47.83
324716 46.61
326720 49.48
328724 46.72
330728 49.40
332732 48.30
334735 49.53
336739 47.83
338743 49.33
340747 51.14
342751 51.18
344754 51.74
346758 53.11
348762 49.38
350766 53.97
352770 53.78
354773 54.46
356777 52.55
358781 53.53
360785 53.29
362789 51.95
364792 55.43
366796 52.09
368800 54.61
370804 53.33
372808 56.86
374812 55.85
376815 58.08
378819 55.95
380823 55.68
382827 58.07
384831 58.64
386834 56.47
388838 57.28
390842 57.45
392846 59.78
394850 58.19
396853 60.74
398857 59.11
400861 60.76
402865 59.56
404869 59.15
406872 59.19
408876 59.77
410880 61.81
412884 60.05
414888 60.30
416891 60.28
418895 60.15
420899 60.40
422903 64.47
424907 62.82
426911 61.50
428914 64.13
430918 61.56
432922 62.72
434926 63.28
436930 64.75
438933 63.51
440937 65.34
442941 64.58
444945 64.62
446949 63.79
448952 64.89
450956 65.58
452960 67.34
454964 66.53
456968 67.48
458971 74.37
460975 66.42
462979 67.55
464983 67.23
466987 71.54
468990 70.21
470994 73.38
472998 69.85
475002 73.56
477006 69.46
479010 70.77
481013 70.65
483017 72.94
485021 71.56
487025 75.02
489029 71.66
491032 74.76
493036 73.79
495040 73.82
497044 73.51
499048 74.39
501051 72.60
503055 78.37
505059 76.37
507063 75.72
509067 76.89
511070 74.47
513074 74.98
515078 82.81
517082 76.78
519086 79.82
521089 81.89
523093 80.71
525097 86.40
527101 78.85
529105 78.75
531109 77.76
533112 77.99
535116 78.15
537120 78.85
539124 81.30
541128 80.64
543131 79.35
545135 80.62
547139 82.90
549143 80.07
551147 80.84
553150 81.93
555154 82.75
557158 90.26
559162 81.25
561166 88.65
563169 84.74
565173 85.86
567177 84.17
569181 85.86
571185 86.93
573188 88.17
575192 86.59
577196 86.40
579200 87.68
581204 90.12
583208 89.17
585211 89.11
587215 89.57
589219 94.76
591223 93.23
593227 91.86
595230 88.93
597234 93.43
599238 88.52
601242 87.90
603246 90.09
605249 92.62
607253 90.03
609257 92.37
611261 91.76
613265 93.80
615268 93.56
617272 93.73
619276 96.05
621280 97.49
623284 96.97
625287 93.99
627291 94.55
629295 93.41
631299 98.40
633303 98.14
635307 99.35
637310 100.28
639314 99.23
641318 96.52
643322 97.63
645326 99.66
647329 99.21
649333 98.32
651337 103.85
653341 105.13
655345 110.86
657348 105.82
659352 104.95
661356 101.08
663360 104.93
665364 101.25
667367 102.42
669371 103.21
671375 104.25
673379 105.50
675383 106.22
677386 109.45
679390 107.30
681394 106.27
683398 109.18
685402 112.53
687406 112.28
689409 113.84
691413 109.53
693417 105.57
695421 107.57
697425 105.99
699428 106.04
701432 108.61
703436 110.52
705440 109.19
707444 108.34
709447 108.36
711451 108.90
713455 112.96
715459 110.77
717463 109.88
719466 112.46
721470 113.62
723474 112.19
725478 108.89
727482 114.32
729485 108.46
731489 111.77
733493 111.90
735497 115.68
737501 116.76
739505 113.25
741508 112.51
743512 114.75
745516 116.84
747520 130.65
749524 120.33
751527 119.01
753531 121.57
755535 116.42
757539 123.31
759543 122.11
761546 123.13
763550 120.39
765554 119.54
767558 122.14
769562 124.03
771565 122.05
773569 122.07
775573 119.62
777577 123.21
779581 124.00
781584 123.85
783588 128.54
785592 131.98
787596 129.66
789600 125.15
791604 123.39
793607 130.36
795611 123.75
797615 122.26
799619 130.05
801623 129.61
803626 125.42
805630 122.81
807634 123.43
809638 127.36
811642 126.60
813645 127.56
815649 127.14
817653 130.86
819657 134.28
821661 124.77
823664 125.71
825668 125.36
827672 127.66
829676 127.95
831680 131.90
833683 131.29
835687 135.22
837691 125.91
839695 137.93
841699 136.19
843703 135.07
845706 133.50
847710 139.75
849714 135.87
851718 137.30
853722 137.90
855725 131.93
857729 135.93
859733 133.53
861737 133.93
863741 140.06
865744 134.28
867748 135.97
869752 130.80
871756 135.18
873760 137.75
875763 139.91
877767 135.68
879771 136.37
881775 135.79
883779 138.91
885782 140.87
887786 139.67
889790 137.20
891794 139.35
893798 142.63
895802 141.94
897805 140.18
899809 143.45
901813 144.83
903817 142.97
905821 140.73
907824 143.26
909828 147.75
911832 155.15
913836 143.06
915840 151.12
917843 160.34
919847 144.63
921851 142.66
923855 145.00
925859 145.14
927862 143.04
929866 142.74
931870 150.91
933874 154.68
935878 149.28
937881 151.19
939885 146.94
941889 152.52
943893 151.97
945897 156.71
947901 154.45
949904 154.56
951908 152.35
953912 152.29
955916 150.57
957920 156.44
959923 149.24
961927 152.28
963931 154.21
965935 151.95
967939 157.48
969942 154.51
971946 152.05
973950 153.53
975954 157.53
977958 156.38
979961 157.38
981965 157.41
983969 163.04
985973 163.34
987977 152.66
989980 159.70
991984 157.87
993988 155.55
995992 159.10
997996 161.76
1000000 156.24
