100 0.00
2103 0.14
4107 0.34
6111 0.50
8115 0.71
10119 0.90
12122 1.10
14126 1.29
16130 1.58
18134 1.71
20138 1.94
22141 2.18
24145 2.42
26149 2.70
28153 2.86
30157 3.59
32160 3.41
34164 3.55
36168 4.02
38172 4.17
40176 5.07
42179 4.76
44183 4.83
46187 5.25
48191 5.73
50195 5.72
52198 6.56
54202 7.36
56206 7.79
58210 8.65
60214 8.32
62218 7.94
64221 7.48
66225 8.81
68229 8.63
70233 9.84
72237 8.79
74240 9.96
76244 10.84
78248 9.86
80252 11.40
82256 12.13
84259 10.17
86263 12.59
88267 10.64
90271 13.19
92275 12.17
94278 12.80
96282 13.53
98286 14.73
100290 12.96
102294 12.65
104297 13.93
106301 16.77
108305 13.50
110309 14.87
112313 16.66
114317 17.40
116320 14.96
118324 16.72
120328 17.31
122332 17.66
124336 17.74
126339 17.94
128343 18.94
130347 18.20
132351 18.68
134355 16.99
136358 18.98
138362 17.75
140366 20.19
142370 20.64
144374 18.78
146377 19.35
148381 21.18
150385 22.90
152389 21.25
154393 25.28
156396 24.75
158400 25.48
160404 26.55
162408 24.89
164412 26.67
166416 23.74
168419 22.44
170423 23.90
172427 25.63
174431 25.02
176435 23.30
178438 26.70
180442 27.70
182446 28.03
184450 29.03
186454 26.81
188457 29.37
190461 30.23
192465 29.04
194469 31.13
196473 29.72
198476 28.61
200480 28.19
202484 29.78
204488 31.83
206492 31.04
208495 30.35
210499 31.62
212503 29.65
214507 30.18
216511 31.20
218515 31.31
220518 29.65
222522 33.80
224526 31.85
226530 32.29
228534 34.56
230537 33.39
232541 32.16
234545 33.13
236549 39.73
238553 34.57
240556 34.40
242560 38.56
244564 37.29
246568 34.99
248572 35.66
250575 37.18
252579 36.84
254583 40.89
256587 38.08
258591 37.09
260594 39.29
262598 40.98
264602 38.67
266606 38.27
268610 36.93
270614 37.03
272617 38.94
274621 38.58
276625 39.36
278629 42.37
280633 39.91
282636 44.45
284640 42.41
286644 44.18
288648 42.18
290652 42.51
292655 40.22
294659 45.44
296663 43.42
298667 44.65
300671 43.22
302674 44.12
304678 40.90
306682 44.66
308686 43.93
310690 44.13
312693 44.97
314697 46.74
316701 47.77
318705 49.34
320709 47.81
322713 45.06
324716 45.03
326720 49.55
328724 46.64
330728 48.16
332732 46.47
334735 51.62
336739 49.71
338743 47.57
340747 48.18
342751 48.41
344754 53.10
346758 49.55
348762 50.11
350766 52.75
352770 51.58
354773 50.77
356777 51.19
358781 50.90
360785 53.55
362789 55.10
364792 54.16
366796 51.95
368800 53.76
370804 51.25
372808 58.46
374812 53.51
376815 57.22
378819 55.28
380823 54.95
382827 54.31
384831 56.07
386834 56.81
388838 56.49
390842 56.29
392846 59.33
394850 57.49
396853 56.79
398857 57.23
400861 57.60
402865 56.88
404869 57.83
406872 59.99
408876 62.19
410880 59.06
412884 59.49
414888 58.64
416891 59.85
418895 58.76
420899 59.95
422903 60.41
424907 61.54
426911 62.41
428914 64.57
430918 60.97
432922 60.94
434926 63.87
436930 62.43
438933 61.91
440937 63.32
442941 64.22
444945 63.19
446949 63.19
448952 65.42
450956 63.93
452960 64.78
454964 65.56
456968 67.74
458971 74.13
460975 69.29
462979 66.61
464983 66.16
466987 70.58
468990 68.51
470994 70.07
472998 69.50
475002 70.35
477006 70.93
479010 71.24
481013 69.96
483017 74.39
485021 69.70
487025 72.79
489029 71.32
491032 77.43
493036 72.24
495040 73.40
497044 72.06
499048 72.63
501051 72.06
503055 72.75
505059 76.91
507063 75.13
509067 73.65
511070 73.85
513074 77.49
515078 80.47
517082 75.97
519086 79.28
521089 80.55
523093 78.86
525097 86.91
527101 79.35
529105 76.49
531109 78.06
533112 76.80
535116 76.99
537120 80.49
539124 79.68
541128 80.77
543131 78.34
545135 79.86
547139 80.32
549143 81.99
551147 81.25
553150 81.45
555154 82.00
557158 93.00
559162 82.15
561166 87.17
563169 84.68
565173 85.57
567177 85.63
569181 89.17
571185 87.91
573188 86.72
575192 84.23
577196 86.49
579200 88.81
581204 88.46
583208 85.72
585211 87.81
587215 89.76
589219 91.73
591223 89.94
593227 88.75
595230 87.56
597234 89.35
599238 87.34
601242 89.92
603246 89.52
605249 91.96
607253 89.67
609257 91.37
611261 91.65
613265 93.19
615268 95.23
617272 93.63
619276 93.34
621280 95.97
623284 97.06
625287 94.51
627291 91.07
629295 93.75
631299 98.34
633303 94.74
635307 97.19
637310 95.89
639314 97.83
641318 95.55
643322 96.73
645326 99.72
647329 97.39
649333 99.41
651337 101.41
653341 103.36
655345 105.42
657348 104.05
659352 103.53
661356 104.55
663360 105.45
665364 102.14
667367 103.22
669371 104.09
671375 104.35
673379 101.32
675383 101.52
677386 105.22
679390 104.16
681394 106.46
683398 110.64
685402 108.61
687406 106.29
689409 111.35
691413 104.43
693417 104.05
695421 107.15
697425 106.55
699428 105.78
701432 108.23
703436 108.68
705440 107.88
707444 108.22
709447 108.75
711451 110.85
713455 110.19
715459 112.13
717463 111.96
719466 112.11
721470 111.91
723474 109.09
725478 109.92
727482 110.37
729485 110.23
731489 111.68
733493 111.56
735497 112.83
737501 116.86
739505 113.93
741508 113.16
743512 112.24
745516 121.11
747520 130.01
749524 119.13
751527 118.46
753531 120.76
755535 118.33
757539 117.14
759543 115.75
761546 120.56
763550 117.02
765554 120.39
767558 118.64
769562 121.65
771565 119.15
773569 122.57
775573 122.12
777577 122.54
779581 123.54
781584 123.13
783588 125.06
785592 124.92
787596 128.32
789600 127.07
791604 123.05
793607 128.33
795611 124.32
797615 120.24
799619 124.78
801623 126.09
803626 123.14
805630 123.03
807634 121.03
809638 124.11
811642 121.42
813645 126.76
815649 126.33
817653 131.91
819657 128.63
821661 124.07
823664 126.19
825668 126.37
827672 126.97
829676 125.87
831680 135.55
833683 128.30
835687 134.72
837691 130.63
839695 138.31
841699 133.28
843703 133.66
845706 134.40
847710 131.05
849714 135.21
851718 139.05
853722 129.47
855725 132.74
857729 132.78
859733 131.49
861737 130.92
863741 133.44
865744 135.96
867748 135.58
869752 135.51
871756 134.57
873760 132.71
875763 138.32
877767 135.31
879771 139.45
881775 134.87
883779 138.85
885782 136.59
887786 136.48
889790 141.56
891794 140.87
893798 136.54
895802 142.44
897805 138.97
899809 143.54
901813 139.42
903817 139.92
905821 140.52
907824 143.32
909828 150.36
911832 142.90
913836 142.05
915840 150.26
917843 165.66
919847 144.71
921851 143.33
923855 144.50
925859 143.64
927862 142.97
929866 144.00
931870 149.59
933874 152.64
935878 146.28
937881 147.90
939885 148.83
941889 152.10
943893 148.59
945897 149.80
947901 155.10
949904 152.39
951908 164.55
953912 147.49
955916 150.32
957920 153.39
959923 147.49
961927 154.47
963931 149.74
965935 153.11
967939 161.04
969942 150.79
971946 151.17
973950 154.10
975954 155.55
977958 153.91
979961 163.46
981965 157.76
983969 161.06
985973 159.61
987977 153.94
989980 157.02
991984 162.37
993988 161.64
995992 153.58
997996 160.36
1000000 158.35
