100 0.00
2103 0.08
4107 0.16
6111 0.47
8115 0.47
10119 0.48
12122 0.52
14126 0.66
16130 0.69
18134 0.83
20138 1.50
22141 0.82
24145 1.21
26149 1.26
28153 1.61
30157 1.44
32160 1.50
34164 1.90
36168 1.47
38172 1.28
40176 1.22
42179 1.82
44183 1.74
46187 1.62
48191 1.82
50195 2.32
52198 2.14
54202 2.21
56206 1.95
58210 1.99
60214 1.71
62218 2.99
64221 2.52
66225 2.35
68229 3.07
70233 2.23
72237 2.30
74240 3.30
76244 2.33
78248 2.02
80252 2.74
82256 1.99
84259 2.77
86263 2.87
88267 3.05
90271 2.82
92275 2.82
94278 2.39
96282 2.80
98286 2.19
100290 3.02
102294 3.77
104297 3.12
106301 4.43
108305 2.21
110309 4.60
112313 2.67
114317 2.15
116320 3.04
118324 3.20
120328 3.11
122332 3.34
124336 4.16
126339 3.53
128343 2.53
130347 2.61
132351 3.08
134355 2.97
136358 3.77
138362 2.98
140366 4.58
142370 4.44
144374 3.75
146377 3.24
148381 4.39
150385 3.30
152389 3.61
154393 3.23
156396 3.63
158400 4.25
160404 4.17
162408 3.95
164412 4.22
166416 4.45
168419 4.51
170423 5.83
172427 4.80
174431 4.82
176435 3.28
178438 4.48
180442 4.35
182446 4.97
184450 4.76
186454 3.60
188457 4.53
190461 3.37
192465 5.02
194469 4.69
196473 3.67
198476 3.50
200480 5.24
202484 5.34
204488 3.60
206492 5.42
208495 4.14
210499 3.54
212503 4.94
214507 4.71
216511 4.34
218515 4.52
220518 3.76
222522 4.62
224526 4.30
226530 5.67
228534 4.71
230537 4.05
232541 4.81
234545 4.85
236549 4.42
238553 5.09
240556 4.77
242560 4.64
244564 4.47
246568 4.80
248572 5.83
250575 4.52
252579 5.37
254583 5.15
256587 4.22
258591 4.50
260594 5.05
262598 5.19
264602 4.76
266606 6.05
268610 5.51
270614 5.18
272617 5.42
274621 5.34
276625 6.42
278629 4.77
280633 7.40
282636 6.51
284640 5.20
286644 6.27
288648 5.67
290652 4.64
292655 6.80
294659 5.14
296663 5.51
298667 6.00
300671 5.19
302674 5.60
304678 6.66
306682 5.26
308686 7.09
310690 5.41
312693 5.64
314697 5.38
316701 6.04
318705 5.50
320709 5.92
322713 6.02
324716 5.46
326720 6.50
328724 5.84
330728 5.54
332732 6.52
334735 6.53
336739 6.27
338743 7.46
340747 5.40
342751 7.48
344754 5.68
346758 6.02
348762 6.41
350766 7.81
352770 6.91
354773 7.57
356777 6.80
358781 7.68
360785 5.84
362789 7.41
364792 8.14
366796 5.87
368800 7.11
370804 8.07
372808 7.49
374812 6.58
376815 7.01
378819 6.08
380823 8.02
382827 6.62
384831 9.00
386834 6.20
388838 8.07
390842 7.67
392846 6.51
394850 8.18
396853 7.93
398857 7.82
400861 7.24
402865 6.78
404869 7.03
406872 6.78
408876 8.16
410880 7.49
412884 7.22
414888 8.41
416891 7.28
418895 6.71
420899 8.05
422903 7.79
424907 7.93
426911 6.82
428914 8.09
430918 7.13
432922 10.27
434926 6.97
436930 8.63
438933 9.26
440937 7.72
442941 7.78
444945 7.31
446949 7.45
448952 8.82
450956 8.65
452960 7.20
454964 7.80
456968 9.35
458971 7.82
460975 8.24
462979 10.53
464983 9.38
466987 9.13
468990 7.93
470994 7.71
472998 7.92
475002 7.68
477006 9.35
479010 7.61
481013 7.54
483017 8.23
485021 8.69
487025 8.31
489029 9.20
491032 8.19
493036 9.59
495040 7.50
497044 7.86
499048 8.55
501051 8.44
503055 8.72
505059 8.96
507063 8.36
509067 8.26
511070 9.45
513074 8.06
515078 9.63
517082 8.71
519086 8.30
521089 9.65
523093 8.44
525097 9.10
527101 10.22
529105 8.31
531109 9.68
533112 10.11
535116 9.75
537120 9.42
539124 9.18
541128 12.80
543131 8.91
545135 9.79
547139 11.80
549143 9.65
551147 11.03
553150 9.90
555154 10.66
557158 13.18
559162 9.70
561166 9.36
563169 8.87
565173 10.38
567177 9.57
569181 9.02
571185 10.78
573188 10.84
575192 10.72
577196 9.91
579200 10.35
581204 11.05
583208 9.37
585211 12.30
587215 11.22
589219 11.05
591223 10.38
593227 9.60
595230 9.65
597234 10.17
599238 12.24
601242 10.29
603246 9.69
605249 10.95
607253 11.57
609257 9.74
611261 11.75
613265 12.26
615268 15.23
617272 10.33
619276 10.24
621280 9.86
623284 10.76
625287 10.61
627291 11.41
629295 12.02
631299 10.72
633303 10.11
635307 11.01
637310 12.33
639314 11.04
641318 10.77
643322 11.13
645326 10.90
647329 10.17
649333 10.29
651337 10.52
653341 11.35
655345 11.75
657348 12.46
659352 10.57
661356 11.02
663360 10.73
665364 11.03
667367 13.01
669371 12.03
671375 11.04
673379 13.67
675383 11.31
677386 13.20
679390 11.13
681394 11.00
683398 11.77
685402 10.92
687406 11.42
689409 12.43
691413 10.23
693417 10.77
695421 12.88
697425 10.45
699428 10.95
701432 13.12
703436 12.11
705440 11.45
707444 12.08
709447 14.09
711451 12.05
713455 11.05
715459 11.97
717463 11.63
719466 12.33
721470 13.71
723474 11.66
725478 12.12
727482 12.40
729485 12.49
731489 12.10
733493 11.75
735497 11.83
737501 11.91
739505 13.13
741508 11.84
743512 11.46
745516 13.77
747520 13.34
749524 12.41
751527 12.44
753531 13.52
755535 12.61
757539 13.52
759543 11.90
761546 12.54
763550 12.76
765554 13.89
767558 14.06
769562 12.05
771565 12.34
773569 13.11
775573 13.64
777577 12.57
779581 12.80
781584 12.55
783588 12.92
785592 15.12
787596 15.04
789600 13.32
791604 13.43
793607 16.19
795611 14.64
797615 13.10
799619 15.13
801623 13.66
803626 12.70
805630 13.92
807634 12.99
809638 11.77
811642 14.52
813645 13.24
815649 13.43
817653 13.08
819657 14.32
821661 12.96
823664 15.23
825668 13.44
827672 15.00
829676 16.85
831680 15.86
833683 13.49
835687 12.10
837691 15.78
839695 13.64
841699 13.52
843703 14.12
845706 15.54
847710 13.07
849714 15.13
851718 13.42
853722 13.97
855725 13.48
857729 17.28
859733 13.58
861737 15.13
863741 15.76
865744 16.05
867748 15.15
869752 13.19
871756 14.34
873760 13.68
875763 15.29
877767 14.89
879771 16.15
881775 15.00
883779 16.16
885782 14.86
887786 14.35
889790 18.60
891794 15.67
893798 14.13
895802 15.27
897805 15.74
899809 15.83
901813 13.68
903817 15.48
905821 16.51
907824 15.35
909828 14.66
911832 14.42
913836 16.45
915840 17.64
917843 14.55
919847 18.33
921851 16.04
923855 15.49
925859 14.97
927862 15.15
929866 16.23
931870 15.00
933874 15.93
935878 14.99
937881 15.13
939885 17.92
941889 15.20
943893 15.08
945897 16.56
947901 15.77
949904 16.55
951908 16.36
953912 14.87
955916 15.91
957920 15.77
959923 18.95
961927 16.72
963931 15.95
965935 17.12
967939 16.19
969942 14.98
971946 15.66
973950 17.17
975954 15.90
977958 15.91
979961 18.93
981965 15.60
983969 18.89
985973 15.40
987977 15.87
989980 17.60
991984 14.81
993988 16.79
995992 19.85
997996 16.85
1000000 17.03
