100 0.00
2103 0.11
4107 0.25
6111 0.41
8115 0.54
10119 0.69
12122 0.78
14126 1.02
16130 1.11
18134 1.24
20138 1.36
22141 1.52
24145 1.67
26149 1.82
28153 1.99
30157 2.14
32160 2.29
34164 2.50
36168 2.62
38172 2.78
40176 3.01
42179 3.15
44183 3.34
46187 3.50
48191 3.59
50195 3.75
52198 3.97
54202 4.48
56206 4.40
58210 4.47
60214 4.71
62218 6.38
64221 5.00
66225 6.29
68229 5.31
70233 7.40
72237 5.68
74240 7.09
76244 5.96
78248 8.13
80252 6.33
82256 6.49
84259 6.70
86263 8.09
88267 8.00
90271 7.58
92275 7.30
94278 7.50
96282 8.71
98286 7.91
100290 8.11
102294 9.28
104297 9.23
106301 8.67
108305 8.76
110309 8.95
112313 9.13
114317 9.35
116320 10.08
118324 10.05
120328 11.21
122332 11.74
124336 10.88
126339 11.17
128343 10.97
130347 11.32
132351 12.02
134355 11.91
136358 11.67
138362 13.00
140366 11.79
142370 12.76
144374 12.37
146377 13.11
148381 15.37
150385 13.81
152389 13.20
154393 13.54
156396 14.26
158400 14.54
160404 14.48
162408 13.84
164412 14.41
166416 14.82
168419 15.51
170423 15.64
172427 15.18
174431 15.90
176435 16.09
178438 16.64
180442 16.40
182446 15.73
184450 16.03
186454 16.53
188457 17.06
190461 17.20
192465 17.13
194469 17.08
196473 17.59
198476 18.20
200480 17.87
202484 18.57
204488 18.97
206492 18.94
208495 21.47
210499 19.05
212503 19.31
214507 19.84
216511 19.94
218515 19.86
220518 20.01
222522 20.49
224526 20.17
226530 21.29
228534 21.49
230537 20.63
232541 20.77
234545 20.95
236549 21.70
238553 21.65
240556 22.17
242560 21.93
244564 21.83
246568 22.95
248572 23.82
250575 23.14
252579 23.47
254583 23.71
256587 24.99
258591 24.94
260594 23.69
262598 23.83
264602 24.92
266606 24.70
268610 25.86
270614 25.83
272617 25.91
274621 25.46
276625 26.26
278629 25.72
280633 26.80
282636 27.45
284640 28.19
286644 26.37
288648 27.76
290652 27.87
292655 27.24
294659 27.50
296663 28.62
298667 29.06
300671 28.37
302674 28.06
304678 28.35
306682 29.35
308686 28.33
310690 30.97
312693 29.25
314697 29.86
316701 29.95
318705 30.38
320709 30.25
322713 32.15
324716 31.95
326720 31.74
328724 36.52
330728 32.35
332732 33.36
334735 33.29
336739 32.07
338743 35.59
340747 34.87
342751 32.66
344754 35.27
346758 33.13
348762 34.42
350766 33.08
352770 35.61
354773 36.25
356777 35.15
358781 35.11
360785 34.41
362789 35.04
364792 37.06
366796 37.05
368800 37.02
370804 38.16
372808 36.92
374812 38.65
376815 37.29
378819 39.46
380823 38.77
382827 37.63
384831 39.61
386834 36.40
388838 38.02
390842 38.81
392846 39.91
394850 39.70
396853 42.43
398857 39.12
400861 41.34
402865 38.02
404869 41.09
406872 39.80
408876 42.46
410880 42.78
412884 40.99
414888 44.26
416891 41.77
418895 42.34
420899 43.87
422903 44.87
424907 44.43
426911 42.78
428914 43.58
430918 42.98
432922 43.50
434926 43.22
436930 46.76
438933 44.69
440937 46.32
442941 45.63
444945 44.50
446949 43.44
448952 46.54
450956 46.31
452960 47.55
454964 46.06
456968 47.10
458971 46.79
460975 47.41
462979 48.14
464983 45.39
466987 49.79
468990 50.00
470994 48.84
472998 46.34
475002 48.75
477006 50.55
479010 50.13
481013 49.35
483017 48.78
485021 51.46
487025 52.13
489029 50.34
491032 51.44
493036 52.42
495040 53.47
497044 51.34
499048 53.70
501051 51.63
503055 53.26
505059 52.58
507063 51.87
509067 54.36
511070 53.24
513074 53.66
515078 52.95
517082 53.08
519086 54.48
521089 54.92
523093 53.66
525097 54.43
527101 55.54
529105 56.35
531109 55.76
533112 53.78
535116 55.38
537120 53.54
539124 55.64
541128 55.09
543131 55.55
545135 55.32
547139 65.06
549143 60.88
551147 60.61
553150 58.25
555154 57.23
557158 56.42
559162 60.53
561166 58.89
563169 58.89
565173 60.66
567177 60.45
569181 62.38
571185 59.47
573188 56.32
575192 60.97
577196 62.98
579200 56.84
581204 63.46
583208 62.53
585211 62.44
587215 62.44
589219 61.27
591223 62.70
593227 59.94
595230 69.30
597234 65.06
599238 64.12
601242 65.04
603246 61.92
605249 64.64
607253 69.96
609257 63.00
611261 62.94
613265 69.87
615268 63.83
617272 63.25
619276 66.84
621280 66.39
623284 67.12
625287 68.09
627291 68.98
629295 69.96
631299 68.39
633303 65.12
635307 69.65
637310 69.93
639314 65.77
641318 65.81
643322 71.00
645326 65.92
647329 70.63
649333 73.87
651337 71.15
653341 73.62
655345 70.39
657348 70.70
659352 68.63
661356 67.49
663360 73.43
665364 72.84
667367 72.36
669371 74.41
671375 73.52
673379 71.02
675383 70.66
677386 72.45
679390 73.24
681394 74.12
683398 75.25
685402 71.55
687406 74.97
689409 78.56
691413 72.15
693417 75.97
695421 72.40
697425 74.96
699428 71.38
701432 76.58
703436 72.62
705440 75.93
707444 80.03
709447 76.86
711451 74.07
713455 78.38
715459 78.70
717463 81.15
719466 78.89
721470 75.91
723474 75.44
725478 80.29
727482 81.69
729485 80.33
731489 83.05
733493 84.24
735497 81.29
737501 81.47
739505 83.10
741508 79.69
743512 81.86
745516 77.38
747520 82.75
749524 80.37
751527 82.84
753531 79.45
755535 86.36
757539 83.57
759543 84.41
761546 83.41
763550 83.33
765554 87.32
767558 85.66
769562 80.42
771565 82.95
773569 86.71
775573 85.54
777577 87.55
779581 83.41
781584 86.15
783588 87.13
785592 84.55
787596 82.41
789600 89.38
791604 88.47
793607 88.13
795611 90.20
797615 85.81
799619 90.20
801623 89.00
803626 87.79
805630 88.41
807634 85.15
809638 86.13
811642 90.16
813645 90.70
815649 92.07
817653 94.07
819657 92.21
821661 92.27
823664 87.45
825668 92.45
827672 92.38
829676 94.11
831680 89.81
833683 89.96
835687 88.90
837691 90.22
839695 91.99
841699 95.40
843703 90.42
845706 95.71
847710 93.76
849714 91.21
851718 95.90
853722 93.14
855725 94.97
857729 98.92
859733 103.16
861737 98.82
863741 93.60
865744 96.35
867748 97.53
869752 98.01
871756 97.56
873760 92.86
875763 93.80
877767 99.00
879771 100.34
881775 98.59
883779 99.76
885782 99.56
887786 96.39
889790 93.85
891794 102.44
893798 95.91
895802 103.25
897805 100.33
899809 96.35
901813 96.77
903817 104.05
905821 97.25
907824 97.78
909828 102.90
911832 98.04
913836 101.22
915840 102.86
917843 102.22
919847 103.02
921851 98.52
923855 104.30
925859 99.19
927862 103.03
929866 104.87
931870 105.18
933874 104.67
935878 104.65
937881 101.71
939885 101.35
941889 106.25
943893 107.58
945897 109.44
947901 101.99
949904 108.04
951908 107.22
953912 106.81
955916 106.62
957920 107.45
959923 107.84
961927 105.78
963931 107.43
965935 108.15
967939 104.16
969942 108.55
971946 109.17
973950 111.57
975954 105.55
977958 109.60
979961 106.87
981965 109.79
983969 110.89
985973 109.40
987977 107.54
989980 114.80
991984 112.74
993988 108.88
995992 107.95
997996 116.01
1000000 112.72
