100 0.00
2103 0.13
4107 0.27
6111 0.44
8115 0.57
10119 0.68
12122 0.86
14126 0.96
16130 1.08
18134 1.23
20138 1.36
22141 1.52
24145 1.68
26149 1.84
28153 2.19
30157 2.14
32160 2.29
34164 2.46
36168 2.61
38172 2.78
40176 2.98
42179 3.08
44183 3.31
46187 3.47
48191 3.65
50195 3.77
52198 3.92
54202 4.09
56206 4.36
58210 6.33
60214 4.58
62218 5.46
64221 5.00
66225 5.17
68229 5.29
70233 5.48
72237 5.61
74240 7.55
76244 6.04
78248 8.15
80252 6.33
82256 7.45
84259 6.67
86263 8.15
88267 8.13
90271 7.68
92275 7.59
94278 8.85
96282 8.74
98286 9.80
100290 8.42
102294 8.61
104297 8.54
106301 8.63
108305 9.09
110309 8.96
112313 9.14
114317 9.36
116320 9.78
118324 9.75
120328 10.14
122332 11.02
124336 10.92
126339 11.03
128343 10.61
130347 11.17
132351 12.02
134355 12.08
136358 11.23
138362 12.43
140366 12.84
142370 11.96
144374 13.13
146377 12.97
148381 13.50
150385 13.26
152389 14.30
154393 13.81
156396 13.37
158400 14.06
160404 14.40
162408 16.11
164412 16.44
166416 15.18
168419 15.39
170423 14.67
172427 14.81
174431 15.04
176435 15.58
178438 16.27
180442 16.45
182446 16.54
184450 16.96
186454 16.53
188457 16.35
190461 16.65
192465 17.46
194469 17.67
196473 17.48
198476 17.42
200480 18.21
202484 19.21
204488 18.43
206492 18.91
208495 19.16
210499 19.50
212503 20.44
214507 19.67
216511 19.61
218515 20.32
220518 20.66
222522 20.73
224526 20.10
226530 20.34
228534 21.50
230537 20.57
232541 21.44
234545 20.83
236549 22.12
238553 21.91
240556 22.54
242560 22.45
244564 22.78
246568 22.93
248572 22.75
250575 22.56
252579 25.19
254583 23.58
256587 23.05
258591 23.93
260594 24.70
262598 24.08
264602 25.83
266606 24.96
268610 24.66
270614 24.98
272617 25.59
274621 25.34
276625 25.75
278629 26.65
280633 26.89
282636 27.06
284640 26.57
286644 26.93
288648 29.12
290652 28.11
292655 26.88
294659 26.89
296663 29.43
298667 28.66
300671 29.91
302674 28.16
304678 27.99
306682 29.54
308686 28.52
310690 30.56
312693 28.35
314697 28.98
316701 29.45
318705 32.07
320709 31.14
322713 32.77
324716 31.94
326720 30.99
328724 31.76
330728 30.66
332732 33.28
334735 33.68
336739 32.15
338743 33.94
340747 33.89
342751 33.26
344754 33.33
346758 33.85
348762 34.83
350766 33.81
352770 33.72
354773 35.56
356777 36.57
358781 35.44
360785 34.92
362789 36.78
364792 35.55
366796 37.91
368800 36.05
370804 35.85
372808 38.24
374812 36.70
376815 39.32
378819 37.97
380823 38.16
382827 38.25
384831 37.76
386834 38.96
388838 39.05
390842 41.12
392846 38.32
394850 39.13
396853 40.73
398857 41.57
400861 40.27
402865 41.07
404869 39.23
406872 41.01
408876 39.80
410880 40.51
412884 42.34
414888 40.09
416891 42.99
418895 41.14
420899 43.41
422903 41.79
424907 42.26
426911 43.02
428914 43.87
430918 45.12
432922 44.21
434926 45.39
436930 43.99
438933 43.84
440937 46.24
442941 45.31
444945 46.04
446949 45.82
448952 46.43
450956 45.63
452960 43.36
454964 47.39
456968 47.63
458971 46.06
460975 47.09
462979 46.76
464983 48.10
466987 48.47
468990 48.40
470994 48.29
472998 49.32
475002 50.52
477006 46.82
479010 49.36
481013 50.76
483017 50.19
485021 49.62
487025 47.49
489029 47.54
491032 51.65
493036 50.47
495040 50.82
497044 51.59
499048 52.59
501051 50.15
503055 53.14
505059 55.23
507063 52.81
509067 55.52
511070 49.63
513074 52.89
515078 66.31
517082 70.80
519086 67.09
521089 71.73
523093 59.49
525097 59.23
527101 55.23
529105 93.73
531109 90.07
533112 87.87
535116 68.27
537120 72.53
539124 70.86
541128 65.51
543131 64.36
545135 87.84
547139 75.87
549143 74.92
551147 81.73
553150 63.01
555154 80.61
557158 82.16
559162 74.72
561166 63.96
563169 65.05
565173 69.75
567177 72.19
569181 66.81
571185 72.31
573188 71.20
575192 71.59
577196 73.08
579200 76.05
581204 74.68
583208 67.05
585211 75.22
587215 70.62
589219 68.03
591223 72.16
593227 71.24
595230 71.98
597234 80.90
599238 87.68
601242 71.29
603246 73.24
605249 77.09
607253 79.77
609257 106.19
611261 85.63
613265 78.63
615268 79.42
617272 78.15
619276 85.02
621280 77.46
623284 82.96
625287 77.60
627291 85.26
629295 86.81
631299 91.98
633303 82.91
635307 80.47
637310 78.24
639314 84.46
641318 90.15
643322 87.85
645326 85.16
647329 88.75
649333 80.16
651337 80.21
653341 88.02
655345 82.88
657348 91.61
659352 90.13
661356 88.31
663360 86.32
665364 83.63
667367 84.47
669371 87.66
671375 94.74
673379 96.21
675383 84.66
677386 95.98
679390 100.81
681394 92.71
683398 89.44
685402 79.74
687406 84.43
689409 92.27
691413 91.64
693417 94.59
695421 99.38
697425 99.97
699428 89.27
701432 87.65
703436 99.39
705440 95.62
707444 101.48
709447 95.65
711451 97.86
713455 93.00
715459 93.66
717463 94.75
719466 84.47
721470 92.10
723474 88.01
725478 93.02
727482 92.36
729485 94.45
731489 92.23
733493 91.65
735497 93.18
737501 96.80
739505 91.26
741508 94.99
743512 93.41
745516 94.79
747520 89.35
749524 89.88
751527 92.67
753531 92.79
755535 94.96
757539 94.35
759543 89.74
761546 97.30
763550 96.42
765554 95.84
767558 96.62
769562 100.58
771565 103.27
773569 107.83
775573 99.63
777577 109.61
779581 92.01
781584 95.71
783588 100.32
785592 101.27
787596 92.36
789600 93.14
791604 96.26
793607 102.28
795611 104.19
797615 96.59
799619 98.74
801623 102.09
803626 101.35
805630 96.28
807634 100.84
809638 94.34
811642 98.91
813645 97.99
815649 106.10
817653 103.66
819657 105.51
821661 96.51
823664 102.74
825668 104.20
827672 100.28
829676 103.64
831680 106.14
833683 108.80
835687 109.65
837691 106.03
839695 97.87
841699 107.19
843703 107.65
845706 109.22
847710 109.61
849714 108.80
851718 106.35
853722 107.69
855725 107.85
857729 109.94
859733 110.41
861737 109.15
863741 112.31
865744 112.07
867748 105.23
869752 104.12
871756 110.31
873760 111.60
875763 113.45
877767 108.90
879771 114.84
881775 105.92
883779 107.74
885782 109.22
887786 108.00
889790 118.25
891794 116.57
893798 113.74
895802 116.24
897805 116.52
899809 114.61
901813 119.03
903817 119.11
905821 113.16
907824 111.49
909828 116.95
911832 117.20
913836 122.87
915840 120.55
917843 111.30
919847 109.92
921851 110.91
923855 118.83
925859 120.77
927862 111.62
929866 122.37
931870 115.28
933874 121.88
935878 116.30
937881 115.84
939885 122.16
941889 113.63
943893 118.14
945897 121.82
947901 128.17
949904 120.69
951908 114.96
953912 114.87
955916 125.65
957920 123.40
959923 127.56
961927 119.96
963931 125.31
965935 127.75
967939 118.26
969942 129.30
971946 123.09
973950 128.54
975954 116.82
977958 129.67
979961 127.11
981965 122.34
983969 129.81
985973 124.24
987977 113.61
989980 132.60
991984 117.21
993988 123.95
995992 127.86
997996 127.37
1000000 122.14
