100 0.00
2103 0.12
4107 0.26
6111 0.40
8115 0.55
10119 0.70
12122 0.85
14126 1.10
16130 1.21
18134 1.45
20138 1.76
22141 1.78
24145 1.98
26149 2.35
28153 2.58
30157 2.79
32160 2.96
34164 3.16
36168 3.73
38172 3.56
40176 3.42
42179 3.59
44183 4.14
46187 4.77
48191 4.97
50195 4.89
52198 4.67
54202 4.53
56206 4.61
58210 4.86
60214 5.47
62218 5.47
64221 6.09
66225 7.77
68229 5.74
70233 7.50
72237 7.33
74240 6.67
76244 7.39
78248 7.39
80252 8.38
82256 7.10
84259 8.11
86263 8.60
88267 7.79
90271 10.19
92275 9.28
94278 9.04
96282 9.04
98286 9.72
100290 9.77
102294 9.53
104297 9.32
106301 9.52
108305 9.69
110309 10.76
112313 10.09
114317 11.10
116320 10.34
118324 11.38
120328 11.29
122332 12.34
124336 12.70
126339 11.46
128343 11.78
130347 11.98
132351 12.61
134355 12.32
136358 13.75
138362 13.54
140366 13.81
142370 13.57
144374 14.94
146377 13.54
148381 14.64
150385 14.83
152389 14.55
154393 14.39
156396 15.17
158400 15.75
160404 15.96
162408 15.18
164412 15.25
166416 17.20
168419 15.90
170423 17.14
172427 16.73
174431 16.29
176435 16.56
178438 16.80
180442 17.78
182446 17.18
184450 17.34
186454 20.00
188457 18.24
190461 19.14
192465 18.89
194469 19.73
196473 19.57
198476 19.51
200480 19.68
202484 19.28
204488 19.87
206492 20.53
208495 21.10
210499 20.24
212503 20.81
214507 21.25
216511 22.08
218515 20.93
220518 22.99
222522 23.05
224526 22.41
226530 22.98
228534 23.82
230537 24.26
232541 22.99
234545 22.83
236549 25.23
238553 24.39
240556 24.95
242560 25.01
244564 24.09
246568 25.28
248572 25.00
250575 25.01
252579 25.34
254583 25.98
256587 26.67
258591 25.39
260594 27.45
262598 26.96
264602 26.18
266606 27.23
268610 28.07
270614 26.79
272617 30.40
274621 28.90
276625 28.26
278629 28.91
280633 28.73
282636 28.85
284640 29.96
286644 30.25
288648 30.39
290652 30.52
292655 30.53
294659 30.34
296663 32.93
298667 31.87
300671 30.62
302674 32.30
304678 33.25
306682 31.24
308686 33.68
310690 31.85
312693 32.59
314697 35.31
316701 32.83
318705 34.57
320709 34.10
322713 33.35
324716 35.33
326720 36.96
328724 36.37
330728 35.08
332732 34.30
334735 37.41
336739 36.65
338743 36.61
340747 37.34
342751 36.73
344754 36.94
346758 38.42
348762 37.56
350766 37.84
352770 39.26
354773 37.36
356777 40.70
358781 37.94
360785 43.32
362789 37.40
364792 43.94
366796 38.90
368800 38.48
370804 40.52
372808 41.33
374812 41.69
376815 39.95
378819 42.77
380823 40.37
382827 41.74
384831 42.66
386834 42.54
388838 43.77
390842 40.96
392846 46.06
394850 41.63
396853 45.43
398857 45.29
400861 44.87
402865 42.81
404869 44.20
406872 46.73
408876 45.21
410880 44.53
412884 47.36
414888 48.34
416891 46.08
418895 47.61
420899 46.25
422903 49.27
424907 47.66
426911 46.93
428914 50.12
430918 48.59
432922 48.89
434926 47.40
436930 49.24
438933 50.26
440937 48.30
442941 50.30
444945 46.96
446949 50.63
448952 50.16
450956 54.07
452960 50.64
454964 53.03
456968 54.81
458971 52.91
460975 52.84
462979 52.80
464983 52.49
466987 55.00
468990 53.08
470994 55.30
472998 54.31
475002 54.10
477006 53.94
479010 54.99
481013 53.66
483017 55.12
485021 55.48
487025 59.77
489029 55.40
491032 58.13
493036 55.40
495040 55.46
497044 59.20
499048 57.94
501051 57.87
503055 57.01
505059 55.89
507063 58.47
509067 57.50
511070 58.28
513074 60.65
515078 64.27
517082 58.74
519086 62.56
521089 58.46
523093 56.78
525097 60.55
527101 61.45
529105 60.96
531109 69.07
533112 61.42
535116 64.27
537120 67.54
539124 63.07
541128 62.32
543131 63.87
545135 61.53
547139 64.53
549143 64.35
551147 64.29
553150 63.20
555154 63.79
557158 63.38
559162 64.90
561166 64.80
563169 64.79
565173 66.21
567177 63.17
569181 65.93
571185 69.31
573188 66.97
575192 64.48
577196 68.47
579200 67.14
581204 71.72
583208 69.67
585211 66.59
587215 68.80
589219 70.25
591223 67.72
593227 70.47
595230 67.55
597234 72.58
599238 69.48
601242 71.19
603246 72.94
605249 72.80
607253 66.99
609257 70.14
611261 72.08
613265 73.88
615268 75.09
617272 73.52
619276 74.49
621280 74.29
623284 70.59
625287 73.74
627291 71.11
629295 78.46
631299 77.93
633303 76.15
635307 83.52
637310 74.48
639314 74.98
641318 76.85
643322 77.04
645326 76.50
647329 73.71
649333 77.70
651337 79.67
653341 74.37
655345 76.94
657348 79.88
659352 77.59
661356 74.02
663360 78.90
665364 81.65
667367 79.01
669371 82.87
671375 79.16
673379 81.99
675383 79.77
677386 80.53
679390 83.53
681394 81.81
683398 83.22
685402 80.55
687406 82.75
689409 80.06
691413 80.53
693417 79.26
695421 83.08
697425 86.89
699428 81.17
701432 85.62
703436 84.52
705440 89.56
707444 86.84
709447 85.05
711451 84.93
713455 94.18
715459 89.82
717463 87.08
719466 90.87
721470 87.95
723474 97.16
725478 83.20
727482 96.23
729485 87.79
731489 95.05
733493 87.97
735497 90.60
737501 89.13
739505 86.22
741508 87.08
743512 89.70
745516 92.65
747520 92.53
749524 94.32
751527 89.43
753531 96.47
755535 94.96
757539 88.65
759543 90.36
761546 94.44
763550 88.54
765554 94.18
767558 92.16
769562 93.87
771565 94.12
773569 102.30
775573 89.50
777577 94.76
779581 92.72
781584 93.48
783588 94.33
785592 92.89
787596 95.54
789600 93.22
791604 98.38
793607 106.96
795611 94.31
797615 96.02
799619 95.17
801623 103.49
803626 97.77
805630 91.65
807634 101.04
809638 103.95
811642 99.05
813645 101.17
815649 93.48
817653 103.14
819657 97.21
821661 105.08
823664 103.00
825668 98.23
827672 109.62
829676 98.28
831680 97.97
833683 106.70
835687 98.34
837691 101.46
839695 98.93
841699 109.23
843703 102.29
845706 99.45
847710 104.65
849714 101.79
851718 112.79
853722 100.85
855725 98.83
857729 108.90
859733 106.21
861737 114.69
863741 108.72
865744 107.52
867748 104.72
869752 104.45
871756 108.41
873760 108.75
875763 105.30
877767 103.56
879771 106.25
881775 116.85
883779 106.33
885782 103.35
887786 105.84
889790 107.92
891794 108.48
893798 106.90
895802 108.68
897805 107.49
899809 113.95
901813 118.48
903817 106.91
905821 109.09
907824 107.80
909828 109.22
911832 112.04
913836 108.85
915840 115.86
917843 109.03
919847 117.85
921851 116.26
923855 111.21
925859 120.62
927862 112.24
929866 122.52
931870 110.63
933874 111.75
935878 121.71
937881 110.40
939885 115.25
941889 113.49
943893 120.40
945897 115.26
947901 117.65
949904 119.58
951908 112.62
953912 120.06
955916 116.61
957920 115.24
959923 124.61
961927 127.29
963931 115.01
965935 120.01
967939 131.58
969942 114.93
971946 124.61
973950 122.00
975954 122.95
977958 117.29
979961 124.14
981965 119.59
983969 120.15
985973 117.33
987977 120.71
989980 119.35
991984 127.95
993988 118.16
995992 123.79
997996 120.71
1000000 123.09
