100 0.03
2103 0.15
4107 0.33
6111 0.41
8115 0.65
10119 0.88
12122 0.98
14126 1.11
16130 1.38
18134 1.49
20138 1.75
22141 1.89
24145 2.09
26149 2.28
28153 2.99
30157 2.63
32160 3.00
34164 3.17
36168 3.28
38172 3.43
40176 4.07
42179 3.91
44183 4.12
46187 4.70
48191 4.70
50195 4.86
52198 5.43
54202 5.80
56206 6.11
58210 5.64
60214 6.76
62218 6.36
64221 6.37
66225 7.31
68229 7.30
70233 7.25
72237 7.38
74240 7.83
76244 8.58
78248 7.83
80252 9.15
82256 8.51
84259 9.00
86263 8.74
88267 8.96
90271 9.54
92275 10.07
94278 9.82
96282 10.30
98286 10.67
100290 11.07
102294 11.30
104297 11.26
106301 11.87
108305 11.37
110309 12.59
112313 12.96
114317 12.98
116320 12.73
118324 12.90
120328 13.02
122332 13.19
124336 13.11
126339 13.74
128343 14.48
130347 15.06
132351 13.92
134355 15.16
136358 14.43
138362 14.60
140366 16.10
142370 16.08
144374 15.31
146377 16.87
148381 15.78
150385 17.31
152389 16.50
154393 18.35
156396 17.68
158400 17.60
160404 17.37
162408 17.96
164412 18.21
166416 18.15
168419 19.37
170423 20.91
172427 21.63
174431 20.42
176435 19.04
178438 21.21
180442 20.67
182446 19.62
184450 20.57
186454 20.51
188457 21.69
190461 21.64
192465 24.01
194469 22.50
196473 23.64
198476 22.89
200480 24.18
202484 22.67
204488 24.55
206492 24.13
208495 23.34
210499 24.77
212503 24.57
214507 23.66
216511 25.53
218515 25.39
220518 26.29
222522 24.22
224526 25.67
226530 24.97
228534 26.59
230537 26.12
232541 26.28
234545 27.05
236549 28.50
238553 26.40
240556 28.38
242560 28.85
244564 29.16
246568 29.15
248572 29.11
250575 28.50
252579 30.36
254583 29.31
256587 29.48
258591 30.27
260594 30.59
262598 33.88
264602 31.51
266606 30.72
268610 32.20
270614 31.62
272617 31.85
274621 31.32
276625 31.86
278629 34.04
280633 32.57
282636 34.53
284640 34.02
286644 35.43
288648 33.73
290652 34.08
292655 34.84
294659 36.64
296663 35.79
298667 35.45
300671 35.13
302674 35.92
304678 36.01
306682 38.09
308686 36.12
310690 38.10
312693 36.87
314697 37.06
316701 36.76
318705 39.55
320709 38.42
322713 40.29
324716 39.14
326720 39.63
328724 40.06
330728 39.62
332732 38.51
334735 41.10
336739 39.97
338743 42.14
340747 40.79
342751 40.56
344754 40.98
346758 41.96
348762 41.70
350766 42.99
352770 43.89
354773 42.36
356777 44.19
358781 42.08
360785 46.94
362789 43.93
364792 42.12
366796 43.87
368800 44.86
370804 44.41
372808 45.12
374812 45.09
376815 47.95
378819 45.02
380823 45.43
382827 46.68
384831 45.95
386834 48.46
388838 49.03
390842 46.90
392846 49.29
394850 49.29
396853 48.70
398857 48.75
400861 49.22
402865 46.50
404869 49.76
406872 47.69
408876 50.69
410880 51.47
412884 50.86
414888 49.44
416891 48.98
418895 48.51
420899 49.85
422903 52.92
424907 51.53
426911 52.09
428914 51.17
430918 49.90
432922 50.69
434926 50.90
436930 51.97
438933 51.13
440937 52.42
442941 51.55
444945 52.24
446949 53.03
448952 52.64
450956 55.23
452960 53.72
454964 54.58
456968 56.64
458971 60.54
460975 54.65
462979 56.72
464983 54.32
466987 57.73
468990 56.04
470994 57.04
472998 57.72
475002 58.35
477006 57.44
479010 57.24
481013 58.42
483017 58.68
485021 57.28
487025 58.75
489029 61.14
491032 60.17
493036 58.96
495040 60.40
497044 59.95
499048 59.77
501051 58.76
503055 60.20
505059 61.40
507063 63.36
509067 62.05
511070 60.25
513074 63.77
515078 71.49
517082 64.86
519086 69.59
521089 72.73
523093 67.19
525097 74.80
527101 77.24
529105 79.41
531109 72.31
533112 67.52
535116 72.96
537120 75.52
539124 69.88
541128 69.43
543131 70.07
545135 76.09
547139 73.75
549143 78.87
551147 78.64
553150 70.50
555154 76.47
557158 83.73
559162 76.57
561166 75.27
563169 72.74
565173 76.75
567177 78.36
569181 77.31
571185 75.85
573188 77.33
575192 74.92
577196 79.14
579200 81.42
581204 74.08
583208 79.69
585211 78.92
587215 83.11
589219 79.35
591223 79.51
593227 79.85
595230 76.62
597234 76.95
599238 83.41
601242 80.85
603246 77.80
605249 85.79
607253 81.35
609257 81.81
611261 84.63
613265 86.82
615268 84.42
617272 80.61
619276 88.44
621280 86.62
623284 94.44
625287 83.28
627291 86.24
629295 81.88
631299 93.59
633303 87.45
635307 83.20
637310 83.99
639314 87.13
641318 89.38
643322 88.48
645326 95.43
647329 112.87
649333 89.41
651337 88.90
653341 96.43
655345 93.82
657348 98.01
659352 97.46
661356 92.93
663360 98.03
665364 90.67
667367 97.19
669371 93.71
671375 98.00
673379 96.03
675383 93.59
677386 103.21
679390 94.76
681394 99.69
683398 100.16
685402 94.83
687406 102.30
689409 103.18
691413 91.93
693417 99.89
695421 97.65
697425 96.53
699428 99.12
701432 99.30
703436 93.88
705440 105.02
707444 96.66
709447 97.48
711451 106.96
713455 100.63
715459 102.30
717463 99.71
719466 99.52
721470 105.42
723474 102.57
725478 102.24
727482 95.39
729485 103.50
731489 103.17
733493 103.84
735497 105.23
737501 107.71
739505 99.72
741508 101.61
743512 104.05
745516 109.72
747520 111.72
749524 102.11
751527 118.54
753531 111.82
755535 108.22
757539 102.78
759543 108.46
761546 109.36
763550 106.92
765554 110.75
767558 108.19
769562 114.50
771565 110.20
773569 114.73
775573 112.24
777577 114.32
779581 104.58
781584 111.40
783588 115.08
785592 118.10
787596 114.00
789600 112.42
791604 106.95
793607 122.97
795611 112.74
797615 110.21
799619 114.57
801623 118.08
803626 110.65
805630 110.45
807634 106.05
809638 112.21
811642 109.44
813645 109.86
815649 118.59
817653 121.78
819657 123.02
821661 107.97
823664 115.86
825668 118.82
827672 109.90
829676 120.43
831680 119.69
833683 118.84
835687 125.86
837691 118.86
839695 118.81
841699 123.33
843703 124.69
845706 123.27
847710 123.92
849714 125.20
851718 127.67
853722 127.63
855725 123.40
857729 126.03
859733 121.60
861737 119.97
863741 122.40
865744 126.29
867748 118.83
869752 116.74
871756 125.41
873760 124.49
875763 122.11
877767 114.68
879771 128.80
881775 119.65
883779 135.31
885782 117.76
887786 128.47
889790 119.64
891794 128.17
893798 120.79
895802 128.15
897805 127.58
899809 131.55
901813 128.94
903817 132.37
905821 131.53
907824 129.48
909828 136.30
911832 132.60
913836 135.58
915840 139.97
917843 140.13
919847 126.83
921851 125.41
923855 133.29
925859 133.65
927862 126.56
929866 134.07
931870 128.16
933874 140.55
935878 133.51
937881 138.53
939885 136.45
941889 129.60
943893 137.16
945897 140.18
947901 138.24
949904 141.99
951908 131.44
953912 132.09
955916 137.15
957920 142.05
959923 140.27
961927 142.12
963931 144.13
965935 143.33
967939 140.26
969942 134.84
971946 142.13
973950 141.98
975954 135.38
977958 144.99
979961 147.49
981965 146.90
983969 148.68
985973 143.40
987977 134.52
989980 142.63
991984 136.23
993988 142.67
995992 141.63
997996 146.09
1000000 139.36
