100 0.00
2103 0.12
4107 0.30
6111 0.42
8115 0.61
10119 0.73
12122 0.86
14126 0.97
16130 1.17
18134 1.27
20138 1.47
22141 1.63
24145 1.79
26149 1.97
28153 2.14
30157 2.29
32160 2.63
34164 2.63
36168 2.79
38172 2.97
40176 3.14
42179 3.30
44183 3.48
46187 3.67
48191 3.98
50195 4.05
52198 4.23
54202 4.53
56206 4.55
58210 4.88
60214 4.92
62218 5.29
64221 5.38
66225 5.48
68229 5.61
70233 5.80
72237 6.02
74240 6.76
76244 6.28
78248 6.50
80252 6.72
82256 6.83
84259 7.93
86263 8.04
88267 7.95
90271 7.62
92275 7.99
94278 8.35
96282 8.12
98286 8.36
100290 9.47
102294 9.68
104297 10.79
106301 10.79
108305 10.48
110309 10.09
112313 10.02
114317 10.16
116320 10.06
118324 10.33
120328 11.37
122332 11.57
124336 12.84
126339 12.04
128343 13.04
130347 12.49
132351 12.84
134355 12.68
136358 13.70
138362 13.22
140366 12.96
142370 14.47
144374 13.96
146377 13.57
148381 13.14
150385 14.50
152389 14.93
154393 15.55
156396 15.07
158400 15.01
160404 14.94
162408 15.73
164412 16.60
166416 16.02
168419 15.61
170423 16.24
172427 17.23
174431 17.93
176435 17.28
178438 17.56
180442 17.49
182446 17.25
184450 16.50
186454 17.82
188457 17.95
190461 17.62
192465 18.57
194469 19.03
196473 18.18
198476 19.43
200480 19.11
202484 19.41
204488 19.62
206492 19.99
208495 20.46
210499 19.53
212503 20.35
214507 21.61
216511 21.82
218515 22.06
220518 21.47
222522 20.73
224526 21.37
226530 22.00
228534 21.53
230537 21.83
232541 22.80
234545 22.96
236549 23.10
238553 23.21
240556 23.40
242560 23.38
244564 23.45
246568 23.57
248572 26.10
250575 24.55
252579 24.39
254583 24.59
256587 25.03
258591 25.07
260594 24.48
262598 25.52
264602 26.14
266606 25.01
268610 25.94
270614 26.61
272617 26.29
274621 26.29
276625 27.37
278629 26.87
280633 27.11
282636 27.22
284640 27.37
286644 27.50
288648 28.21
290652 27.64
292655 28.45
294659 28.77
296663 28.84
298667 29.00
300671 29.36
302674 29.06
304678 29.39
306682 29.74
308686 30.46
310690 30.30
312693 30.58
314697 30.34
316701 30.13
318705 30.43
320709 30.61
322713 32.66
324716 31.86
326720 31.43
328724 32.29
330728 32.00
332732 32.68
334735 32.82
336739 33.03
338743 33.01
340747 35.31
342751 33.94
344754 36.59
346758 35.62
348762 33.66
350766 37.01
352770 39.18
354773 34.98
356777 35.42
358781 35.44
360785 34.80
362789 35.34
364792 36.45
366796 37.34
368800 36.77
370804 36.12
372808 37.44
374812 36.74
376815 38.38
378819 37.92
380823 36.98
382827 37.20
384831 38.88
386834 38.59
388838 37.89
390842 38.28
392846 38.91
394850 42.37
396853 39.66
398857 40.10
400861 39.98
402865 40.11
404869 40.37
406872 42.21
408876 40.41
410880 40.11
412884 45.07
414888 43.38
416891 43.35
418895 41.79
420899 43.00
422903 42.58
424907 42.04
426911 42.26
428914 44.00
430918 44.87
432922 46.47
434926 46.10
436930 47.42
438933 46.04
440937 44.86
442941 45.93
444945 45.61
446949 45.24
448952 45.83
450956 45.51
452960 47.10
454964 46.33
456968 46.65
458971 47.63
460975 48.37
462979 46.54
464983 49.39
466987 47.09
468990 47.08
470994 49.03
472998 47.87
475002 50.31
477006 50.49
479010 52.02
481013 48.61
483017 50.75
485021 48.90
487025 50.22
489029 50.20
491032 50.27
493036 49.07
495040 51.87
497044 54.36
499048 51.07
501051 50.15
503055 51.35
505059 50.82
507063 55.13
509067 57.97
511070 56.69
513074 58.94
515078 58.28
517082 59.58
519086 54.98
521089 56.62
523093 54.70
525097 54.81
527101 54.22
529105 53.49
531109 54.82
533112 57.21
535116 55.80
537120 59.63
539124 54.47
541128 56.24
543131 57.60
545135 56.36
547139 58.25
549143 57.57
551147 57.12
553150 58.09
555154 57.56
557158 58.50
559162 59.89
561166 56.61
563169 62.53
565173 59.49
567177 59.21
569181 61.25
571185 57.41
573188 61.12
575192 61.14
577196 57.29
579200 60.61
581204 59.83
583208 61.36
585211 60.65
587215 59.01
589219 62.52
591223 61.44
593227 62.42
595230 63.55
597234 59.68
599238 61.99
601242 64.51
603246 62.66
605249 64.07
607253 64.74
609257 65.10
611261 66.32
613265 64.90
615268 64.57
617272 64.44
619276 66.39
621280 64.76
623284 66.92
625287 66.18
627291 67.89
629295 67.71
631299 63.08
633303 68.93
635307 68.83
637310 66.66
639314 66.77
641318 65.70
643322 67.95
645326 68.75
647329 66.58
649333 69.54
651337 71.60
653341 70.55
655345 68.45
657348 68.52
659352 69.45
661356 68.33
663360 71.14
665364 72.91
667367 73.42
669371 71.54
671375 71.35
673379 69.37
675383 71.79
677386 68.26
679390 71.43
681394 72.13
683398 76.19
685402 74.68
687406 74.09
689409 74.75
691413 73.54
693417 74.69
695421 74.99
697425 74.94
699428 72.30
701432 75.04
703436 72.36
705440 74.82
707444 75.50
709447 73.39
711451 76.98
713455 76.16
715459 73.65
717463 76.42
719466 76.58
721470 77.89
723474 77.91
725478 76.10
727482 78.64
729485 75.22
731489 75.68
733493 80.66
735497 78.29
737501 80.17
739505 78.37
741508 79.70
743512 79.51
745516 79.64
747520 79.35
749524 82.69
751527 81.21
753531 79.18
755535 79.36
757539 81.44
759543 82.68
761546 83.62
763550 79.72
765554 82.63
767558 81.33
769562 80.18
771565 83.02
773569 84.87
775573 85.36
777577 85.05
779581 86.87
781584 81.13
783588 85.48
785592 83.79
787596 84.85
789600 84.64
791604 84.29
793607 85.04
795611 88.72
797615 86.20
799619 83.50
801623 87.75
803626 87.15
805630 88.73
807634 85.70
809638 88.04
811642 88.21
813645 86.45
815649 89.14
817653 92.60
819657 89.09
821661 88.75
823664 91.15
825668 87.26
827672 88.08
829676 89.78
831680 88.33
833683 87.96
835687 89.19
837691 87.79
839695 90.14
841699 89.34
843703 89.15
845706 93.26
847710 91.10
849714 93.32
851718 97.33
853722 90.84
855725 94.41
857729 96.49
859733 92.12
861737 96.37
863741 96.52
865744 97.77
867748 96.22
869752 95.37
871756 92.91
873760 94.94
875763 92.95
877767 94.33
879771 94.20
881775 94.23
883779 94.78
885782 98.57
887786 100.81
889790 98.34
891794 96.10
893798 96.28
895802 101.19
897805 99.77
899809 96.69
901813 100.51
903817 96.94
905821 101.01
907824 100.26
909828 101.18
911832 101.76
913836 99.93
915840 99.67
917843 99.91
919847 100.88
921851 102.99
923855 103.80
925859 101.21
927862 104.09
929866 104.95
931870 100.91
933874 103.81
935878 104.68
937881 101.49
939885 103.08
941889 101.36
943893 101.55
945897 105.58
947901 105.38
949904 102.26
951908 106.94
953912 103.96
955916 103.83
957920 106.73
959923 102.99
961927 107.04
963931 104.87
965935 109.46
967939 104.68
969942 108.86
971946 104.29
973950 104.73
975954 110.30
977958 108.91
979961 109.51
981965 106.49
983969 106.05
985973 109.24
987977 108.49
989980 106.01
991984 105.94
993988 113.51
995992 109.87
997996 110.23
1000000 108.60
