100 0.00
2103 0.13
4107 0.20
6111 0.56
8115 0.41
10119 0.47
12122 0.93
14126 0.72
16130 0.80
18134 1.09
20138 0.80
22141 1.05
24145 1.13
26149 1.13
28153 1.06
30157 1.34
32160 1.27
34164 1.43
36168 1.58
38172 1.53
40176 1.49
42179 1.59
44183 1.74
46187 2.14
48191 2.34
50195 1.91
52198 1.42
54202 1.95
56206 1.65
58210 1.81
60214 2.34
62218 2.80
64221 2.26
66225 2.23
68229 3.30
70233 2.53
72237 4.02
74240 3.07
76244 2.81
78248 2.02
80252 2.60
82256 2.27
84259 3.90
86263 4.32
88267 2.40
90271 2.40
92275 2.13
94278 3.30
96282 2.38
98286 2.28
100290 2.90
102294 2.46
104297 2.97
106301 2.30
108305 2.54
110309 2.78
112313 3.30
114317 3.07
116320 2.98
118324 3.31
120328 3.37
122332 3.37
124336 2.47
126339 3.24
128343 2.76
130347 4.35
132351 2.74
134355 3.12
136358 2.75
138362 2.74
140366 3.54
142370 3.07
144374 3.67
146377 3.47
148381 4.37
150385 2.43
152389 3.16
154393 2.74
156396 2.70
158400 4.16
160404 3.43
162408 4.36
164412 3.53
166416 3.77
168419 3.26
170423 4.92
172427 3.15
174431 4.12
176435 3.34
178438 4.09
180442 3.21
182446 5.06
184450 3.50
186454 3.50
188457 5.92
190461 4.17
192465 3.95
194469 3.57
196473 3.46
198476 4.79
200480 4.39
202484 4.76
204488 3.34
206492 6.20
208495 4.45
210499 5.54
212503 4.46
214507 6.82
216511 5.02
218515 3.97
220518 3.67
222522 4.08
224526 3.92
226530 5.15
228534 4.57
230537 3.64
232541 4.87
234545 5.63
236549 4.53
238553 3.94
240556 4.00
242560 6.00
244564 4.28
246568 4.68
248572 5.24
250575 4.28
252579 4.56
254583 4.34
256587 4.47
258591 4.40
260594 4.32
262598 5.09
264602 5.29
266606 5.13
268610 4.44
270614 4.95
272617 4.69
274621 5.87
276625 6.02
278629 4.25
280633 5.15
282636 4.71
284640 5.35
286644 5.51
288648 5.03
290652 5.71
292655 5.29
294659 5.25
296663 5.57
298667 5.16
300671 5.00
302674 5.16
304678 6.90
306682 5.13
308686 5.57
310690 6.38
312693 5.37
314697 5.26
316701 5.53
318705 5.14
320709 5.72
322713 6.03
324716 5.68
326720 7.03
328724 5.59
330728 5.27
332732 5.09
334735 6.19
336739 6.75
338743 6.19
340747 5.61
342751 6.23
344754 5.96
346758 6.50
348762 5.93
350766 6.59
352770 5.85
354773 5.54
356777 6.06
358781 6.92
360785 5.61
362789 6.54
364792 5.71
366796 6.05
368800 5.96
370804 6.55
372808 6.14
374812 6.33
376815 5.78
378819 6.81
380823 6.68
382827 7.99
384831 6.13
386834 6.40
388838 6.67
390842 7.71
392846 6.07
394850 6.30
396853 7.24
398857 6.02
400861 6.35
402865 6.87
404869 6.70
406872 7.22
408876 7.03
410880 6.72
412884 7.64
414888 6.89
416891 6.94
418895 6.60
420899 6.79
422903 6.53
424907 6.32
426911 7.02
428914 7.63
430918 7.04
432922 6.39
434926 7.58
436930 6.54
438933 6.71
440937 7.66
442941 7.57
444945 7.71
446949 7.52
448952 7.11
450956 7.31
452960 6.99
454964 7.61
456968 7.44
458971 6.69
460975 7.02
462979 9.04
464983 8.09
466987 8.14
468990 7.00
470994 8.37
472998 7.18
475002 7.93
477006 7.82
479010 8.44
481013 7.44
483017 8.31
485021 7.45
487025 8.06
489029 7.29
491032 7.50
493036 8.35
495040 8.42
497044 7.27
499048 7.80
501051 8.24
503055 8.39
505059 9.63
507063 7.98
509067 8.13
511070 9.28
513074 8.64
515078 8.19
517082 8.64
519086 9.03
521089 7.83
523093 8.94
525097 8.10
527101 8.35
529105 7.76
531109 8.88
533112 8.52
535116 8.43
537120 7.93
539124 8.81
541128 9.30
543131 8.62
545135 9.32
547139 11.92
549143 8.57
551147 8.58
553150 8.95
555154 7.92
557158 8.38
559162 8.61
561166 9.03
563169 8.91
565173 10.11
567177 9.07
569181 9.11
571185 9.02
573188 8.92
575192 9.57
577196 9.86
579200 8.22
581204 8.93
583208 9.44
585211 8.52
587215 9.42
589219 8.89
591223 11.60
593227 9.19
595230 9.91
597234 9.98
599238 9.33
601242 8.89
603246 9.35
605249 9.46
607253 10.28
609257 9.29
611261 9.27
613265 9.60
615268 9.59
617272 10.54
619276 9.50
621280 9.55
623284 10.17
625287 11.36
627291 11.72
629295 10.24
631299 9.64
633303 9.35
635307 11.73
637310 11.43
639314 11.44
641318 12.14
643322 9.97
645326 9.29
647329 9.54
649333 10.49
651337 11.42
653341 9.51
655345 10.32
657348 10.29
659352 9.86
661356 10.02
663360 10.76
665364 10.27
667367 10.88
669371 10.65
671375 9.85
673379 10.12
675383 9.84
677386 10.38
679390 10.45
681394 10.90
683398 12.78
685402 10.55
687406 10.58
689409 10.73
691413 10.72
693417 10.47
695421 10.90
697425 12.05
699428 10.52
701432 12.07
703436 10.04
705440 10.45
707444 10.85
709447 10.64
711451 11.37
713455 11.01
715459 12.02
717463 11.00
719466 10.60
721470 12.74
723474 12.04
725478 10.51
727482 11.13
729485 10.36
731489 10.86
733493 10.83
735497 10.36
737501 11.58
739505 10.83
741508 11.04
743512 10.98
745516 12.70
747520 11.73
749524 11.82
751527 11.54
753531 11.70
755535 11.66
757539 11.37
759543 12.61
761546 12.40
763550 11.13
765554 11.83
767558 11.83
769562 13.25
771565 11.33
773569 11.69
775573 12.32
777577 12.97
779581 11.54
781584 11.46
783588 12.68
785592 11.59
787596 11.86
789600 11.28
791604 12.27
793607 14.09
795611 11.26
797615 12.73
799619 12.05
801623 12.17
803626 12.05
805630 11.87
807634 12.23
809638 12.27
811642 12.40
813645 13.99
815649 12.87
817653 12.40
819657 12.09
821661 11.95
823664 13.14
825668 11.97
827672 14.05
829676 13.95
831680 14.48
833683 13.15
835687 12.10
837691 12.11
839695 12.81
841699 15.13
843703 12.74
845706 12.96
847710 12.57
849714 12.00
851718 12.58
853722 12.49
855725 12.73
857729 15.93
859733 15.61
861737 13.58
863741 12.57
865744 13.53
867748 13.22
869752 13.84
871756 12.76
873760 14.08
875763 14.06
877767 14.87
879771 12.90
881775 13.16
883779 14.10
885782 13.92
887786 13.58
889790 12.83
891794 13.16
893798 13.39
895802 13.21
897805 13.18
899809 13.62
901813 14.06
903817 14.43
905821 13.45
907824 13.30
909828 14.03
911832 13.31
913836 13.75
915840 14.30
917843 13.38
919847 13.03
921851 15.14
923855 13.56
925859 14.02
927862 13.95
929866 13.66
931870 12.85
933874 14.73
935878 14.01
937881 15.62
939885 14.53
941889 14.67
943893 13.92
945897 13.87
947901 14.12
949904 16.19
951908 15.80
953912 13.86
955916 14.51
957920 14.26
959923 13.95
961927 14.13
963931 14.63
965935 14.97
967939 14.65
969942 14.19
971946 14.16
973950 14.02
975954 14.08
977958 15.41
979961 17.27
981965 14.48
983969 13.69
985973 15.06
987977 16.51
989980 17.15
991984 15.27
993988 16.32
995992 15.79
997996 15.01
1000000 15.44
